0.0277777777778	0.0666666666667	0.0277777777778	0.0388888888889	0.0277777777778	0.00555555555556	0.0333333333333	0.0111111111111	0.00555555555556	0.00555555555556	0.75	
0.0277777777778	0.0222222222222	0.00555555555556	0.0444444444444	0.0666666666667	0.00555555555556	0.0166666666667	0.00555555555556	0	0.00555555555556	0.8	
0.0444444444444	0.05	0.0222222222222	0.0722222222222	0.05	0.0111111111111	0	0.0111111111111	0.0111111111111	0.0166666666667	0.711111111111	
0.0166666666667	0.0333333333333	0.0444444444444	0.0555555555556	0.0333333333333	0.0111111111111	0.0166666666667	0.0166666666667	0.0166666666667	0	0.755555555556	
0.0333333333333	0.0388888888889	0.0555555555556	0.0277777777778	0.0444444444444	0.00555555555556	0.00555555555556	0.00555555555556	0.0166666666667	0.0111111111111	0.755555555556	
0.05	0.0333333333333	0.0333333333333	0.0722222222222	0.0666666666667	0.0111111111111	0.0111111111111	0.0444444444444	0.00555555555556	0.00555555555556	0.666666666667	
0.0333333333333	0.0333333333333	0.0166666666667	0.0444444444444	0.0722222222222	0.00555555555556	0	0.0333333333333	0.00555555555556	0.00555555555556	0.75	
0.0444444444444	0.0277777777778	0.0166666666667	0.0277777777778	0.0333333333333	0.0111111111111	0.00555555555556	0.0222222222222	0.0166666666667	0.00555555555556	0.788888888889	
0.0333333333333	0.0222222222222	0.0166666666667	0.05	0.0444444444444	0.0166666666667	0.00555555555556	0	0.0111111111111	0.00555555555556	0.794444444444	
0.0277777777778	0.0277777777778	0.0611111111111	0.0888888888889	0.0388888888889	0.0222222222222	0.0111111111111	0.0111111111111	0.0111111111111	0.00555555555556	0.694444444444	
0.0222222222222	0.05	0.0333333333333	0.0222222222222	0.0333333333333	0	0.0111111111111	0.0277777777778	0.0111111111111	0	0.788888888889	
0.0388888888889	0.0444444444444	0.0388888888889	0.0222222222222	0.0555555555556	0	0.0111111111111	0.0166666666667	0	0.0111111111111	0.761111111111	
0.0388888888889	0.0333333333333	0.0388888888889	0.0444444444444	0.0222222222222	0.00555555555556	0.0222222222222	0.0111111111111	0.0166666666667	0.00555555555556	0.761111111111	
0.0444444444444	0.0277777777778	0.0277777777778	0.0444444444444	0.0444444444444	0.0111111111111	0.0166666666667	0.0222222222222	0.00555555555556	0	0.755555555556	
0.0166666666667	0.0222222222222	0.0277777777778	0.0611111111111	0.0277777777778	0.00555555555556	0.0111111111111	0.0222222222222	0.0111111111111	0	0.794444444444	
0.0444444444444	0.05	0.0111111111111	0.0722222222222	0.0333333333333	0.0111111111111	0.0166666666667	0.0166666666667	0	0.00555555555556	0.738888888889	
0.0111111111111	0.0222222222222	0.0444444444444	0.05	0.05	0.0111111111111	0.00555555555556	0.0222222222222	0	0.00555555555556	0.777777777778	
0.0333333333333	0.0111111111111	0.0277777777778	0.0666666666667	0.0555555555556	0.00555555555556	0.0222222222222	0.0222222222222	0.0222222222222	0.00555555555556	0.727777777778	
0.0277777777778	0.0222222222222	0.0444444444444	0.0611111111111	0.0388888888889	0.0111111111111	0.0166666666667	0.0111111111111	0.00555555555556	0.00555555555556	0.755555555556	
0.0388888888889	0.0166666666667	0.0444444444444	0.0722222222222	0.0444444444444	0.0111111111111	0.0277777777778	0.0111111111111	0.00555555555556	0	0.727777777778	
0.05	0.0277777777778	0.0277777777778	0.0388888888889	0.0611111111111	0.00555555555556	0.0166666666667	0.0111111111111	0	0	0.761111111111	
0.0277777777778	0.0444444444444	0.0222222222222	0.05	0.0388888888889	0.0222222222222	0.0222222222222	0.0111111111111	0	0.0111111111111	0.75	
0.0388888888889	0.0222222222222	0.0333333333333	0.0611111111111	0.0222222222222	0	0.0166666666667	0.00555555555556	0.00555555555556	0.0166666666667	0.777777777778	
0.0166666666667	0.0222222222222	0.0388888888889	0.05	0.0666666666667	0.00555555555556	0.0111111111111	0.0166666666667	0.0222222222222	0	0.75	
0.05	0.00555555555556	0.05	0.0222222222222	0.0722222222222	0.0111111111111	0.0111111111111	0.0277777777778	0	0.00555555555556	0.744444444444	
0.0166666666667	0.0277777777778	0.0166666666667	0.0722222222222	0.0611111111111	0.0111111111111	0.0333333333333	0.0222222222222	0	0.0166666666667	0.722222222222	
0.0166666666667	0.0444444444444	0.0333333333333	0.0666666666667	0.0388888888889	0.0166666666667	0.00555555555556	0.0222222222222	0.00555555555556	0.0111111111111	0.738888888889	
0.0333333333333	0.0222222222222	0.0444444444444	0.0611111111111	0.0611111111111	0.0222222222222	0.00555555555556	0.0222222222222	0	0.0166666666667	0.711111111111	
0.0277777777778	0.0166666666667	0.0388888888889	0.0611111111111	0.0444444444444	0.0111111111111	0.00555555555556	0.0111111111111	0.00555555555556	0.00555555555556	0.772222222222	
0.0444444444444	0.0333333333333	0.0611111111111	0.0388888888889	0.0666666666667	0.0166666666667	0.0166666666667	0.0166666666667	0.0111111111111	0.00555555555556	0.688888888889	
0.0388888888889	0.0388888888889	0.0277777777778	0.05	0.0888888888889	0	0.0277777777778	0.0222222222222	0.0111111111111	0	0.694444444444	
0.0388888888889	0.0333333333333	0.0111111111111	0.0333333333333	0.05	0.0166666666667	0.0277777777778	0.0222222222222	0.00555555555556	0.0166666666667	0.744444444444	
0.0222222222222	0.0111111111111	0.0222222222222	0.0222222222222	0.05	0	0.0277777777778	0.0222222222222	0.0166666666667	0.0166666666667	0.788888888889	
0.0444444444444	0.0277777777778	0.0277777777778	0.0444444444444	0.0833333333333	0.00555555555556	0.0222222222222	0.0111111111111	0	0.00555555555556	0.727777777778	
0.0333333333333	0.0388888888889	0.0388888888889	0.0333333333333	0.0444444444444	0	0.0277777777778	0.0333333333333	0.00555555555556	0.0166666666667	0.727777777778	
0.0277777777778	0.05	0.0444444444444	0.0777777777778	0.0666666666667	0.0166666666667	0.0333333333333	0.0333333333333	0	0	0.65	
0.0166666666667	0.05	0.0277777777778	0.0222222222222	0.0388888888889	0	0.0166666666667	0.0222222222222	0	0	0.805555555556	
0.0222222222222	0.0388888888889	0.0222222222222	0.0888888888889	0.0166666666667	0.00555555555556	0.0222222222222	0.0277777777778	0	0.0222222222222	0.733333333333	
0.0166666666667	0.0222222222222	0.0166666666667	0.0166666666667	0.0722222222222	0.0166666666667	0.0166666666667	0.0277777777778	0.00555555555556	0.00555555555556	0.783333333333	
0.0222222222222	0.0277777777778	0.0388888888889	0.0333333333333	0.0277777777778	0	0.00555555555556	0.0222222222222	0.00555555555556	0.0166666666667	0.8	
0.0277777777778	0.0222222222222	0.0333333333333	0.0722222222222	0.0222222222222	0.00555555555556	0.0166666666667	0.0222222222222	0	0.0111111111111	0.766666666667	
0.0444444444444	0.0388888888889	0.0277777777778	0.05	0.0333333333333	0.0111111111111	0.0222222222222	0.0222222222222	0	0.0111111111111	0.738888888889	
0.0388888888889	0.0111111111111	0.0166666666667	0.0555555555556	0.0833333333333	0.0111111111111	0.0111111111111	0.0388888888889	0	0	0.733333333333	
0.0222222222222	0.0277777777778	0.0222222222222	0.1	0.0611111111111	0.0111111111111	0.0166666666667	0.0222222222222	0	0.0166666666667	0.7	
0.0166666666667	0.0166666666667	0.0111111111111	0.0277777777778	0.0555555555556	0	0.0111111111111	0.0111111111111	0.0111111111111	0	0.838888888889	
0.0333333333333	0.0666666666667	0.0111111111111	0.0611111111111	0.0611111111111	0.00555555555556	0.00555555555556	0.0277777777778	0.0111111111111	0.00555555555556	0.711111111111	
0.0388888888889	0.0333333333333	0.0555555555556	0.0833333333333	0.0444444444444	0	0.0111111111111	0.0111111111111	0.0166666666667	0.0166666666667	0.688888888889	
0.0277777777778	0.0277777777778	0.0222222222222	0.0388888888889	0.0555555555556	0.0111111111111	0.0277777777778	0.0111111111111	0.0166666666667	0.0111111111111	0.75	
0.0111111111111	0.0333333333333	0.0277777777778	0.0388888888889	0.0611111111111	0	0.0222222222222	0.0166666666667	0.00555555555556	0.00555555555556	0.777777777778	
0.0277777777778	0.0277777777778	0.0222222222222	0.0388888888889	0.05	0.00555555555556	0.0111111111111	0.00555555555556	0.0111111111111	0.0111111111111	0.788888888889	
0.0166666666667	0.0388888888889	0.0166666666667	0.0555555555556	0.0277777777778	0	0.0166666666667	0.0222222222222	0.00555555555556	0.0111111111111	0.788888888889	
0.0666666666667	0.0388888888889	0.0722222222222	0.0666666666667	0.0666666666667	0.0166666666667	0.0111111111111	0.0111111111111	0	0.0111111111111	0.638888888889	
0.0388888888889	0.0388888888889	0.0388888888889	0.0388888888889	0.05	0.00555555555556	0.00555555555556	0.0166666666667	0.00555555555556	0.00555555555556	0.755555555556	
0.0277777777778	0.0222222222222	0.05	0.0611111111111	0.0833333333333	0.0111111111111	0.0277777777778	0.0111111111111	0	0.0111111111111	0.694444444444	
0.0555555555556	0.0388888888889	0.0388888888889	0.0611111111111	0.0444444444444	0.00555555555556	0.0111111111111	0.0111111111111	0	0.0111111111111	0.722222222222	
0.0444444444444	0.0444444444444	0.0222222222222	0.05	0.0388888888889	0	0.0222222222222	0.0222222222222	0	0.00555555555556	0.75	
0.0388888888889	0.05	0.0444444444444	0.0333333333333	0.0611111111111	0.0111111111111	0.0222222222222	0.0111111111111	0.0111111111111	0.0111111111111	0.705555555556	
0.0166666666667	0.0166666666667	0.0222222222222	0.0222222222222	0.0555555555556	0.0111111111111	0	0.0222222222222	0.00555555555556	0.0166666666667	0.811111111111	
0.0277777777778	0.0777777777778	0.0333333333333	0.0722222222222	0.0388888888889	0.0222222222222	0.0277777777778	0.0222222222222	0	0.0111111111111	0.666666666667	
0.0277777777778	0.0333333333333	0.0444444444444	0.0555555555556	0.0388888888889	0.0111111111111	0.0222222222222	0.0166666666667	0.00555555555556	0.00555555555556	0.738888888889	
0.0222222222222	0.0111111111111	0.0277777777778	0.0944444444444	0.0277777777778	0.0111111111111	0.00555555555556	0.00555555555556	0	0.0111111111111	0.783333333333	
0.0333333333333	0.05	0.0333333333333	0.0444444444444	0.0722222222222	0.00555555555556	0.0333333333333	0.0111111111111	0.0111111111111	0	0.705555555556	
0.0277777777778	0.0388888888889	0.0277777777778	0.05	0.0611111111111	0.00555555555556	0.0277777777778	0.0333333333333	0	0.00555555555556	0.722222222222	
0.0222222222222	0.0166666666667	0.0388888888889	0.0666666666667	0.0611111111111	0	0.0222222222222	0.0111111111111	0.0111111111111	0.00555555555556	0.744444444444	
0.0333333333333	0.0444444444444	0.00555555555556	0.05	0.0388888888889	0.0111111111111	0.0222222222222	0.0111111111111	0	0.0166666666667	0.766666666667	
0.0333333333333	0.0333333333333	0.0388888888889	0.05	0.0666666666667	0.00555555555556	0.00555555555556	0.0166666666667	0.00555555555556	0	0.744444444444	
0.0388888888889	0.0166666666667	0.0333333333333	0.0722222222222	0.0611111111111	0.0111111111111	0.0166666666667	0.0166666666667	0.0111111111111	0.0111111111111	0.711111111111	
0.0777777777778	0.0277777777778	0.0388888888889	0.05	0.0333333333333	0	0.0222222222222	0.0111111111111	0.00555555555556	0.00555555555556	0.727777777778	
0.0277777777778	0.00555555555556	0.0166666666667	0.0666666666667	0.0777777777778	0.0111111111111	0.0111111111111	0.0111111111111	0.0111111111111	0	0.761111111111	
0.0222222222222	0.05	0.0277777777778	0.0222222222222	0.0388888888889	0.00555555555556	0	0.00555555555556	0.0166666666667	0.0111111111111	0.8	
0.0388888888889	0.0277777777778	0.0555555555556	0.05	0.0277777777778	0.00555555555556	0	0.0277777777778	0.00555555555556	0	0.761111111111	
0.0333333333333	0.05	0.0555555555556	0.0333333333333	0.0611111111111	0	0.0111111111111	0.0111111111111	0.0111111111111	0	0.733333333333	
0.0277777777778	0.0333333333333	0.0222222222222	0.0333333333333	0.0611111111111	0.00555555555556	0.0166666666667	0.0166666666667	0.00555555555556	0.00555555555556	0.772222222222	
0.0444444444444	0.0666666666667	0.0555555555556	0.0555555555556	0.0611111111111	0.0111111111111	0.00555555555556	0.0111111111111	0.0111111111111	0.00555555555556	0.672222222222	
0.0444444444444	0.0277777777778	0	0.0333333333333	0.05	0.0111111111111	0.0277777777778	0.0222222222222	0.00555555555556	0	0.777777777778	
0.0333333333333	0.0277777777778	0.0444444444444	0.0277777777778	0.0555555555556	0.0166666666667	0.0333333333333	0.00555555555556	0.00555555555556	0	0.75	
0.0222222222222	0.0166666666667	0.0388888888889	0.05	0.0444444444444	0.0166666666667	0.0166666666667	0.0166666666667	0.00555555555556	0.00555555555556	0.766666666667	
0.0555555555556	0.0444444444444	0.05	0.0444444444444	0.0611111111111	0.0111111111111	0.0166666666667	0.0333333333333	0	0.00555555555556	0.677777777778	
0.0388888888889	0.0333333333333	0.05	0.0555555555556	0.0333333333333	0.0111111111111	0.00555555555556	0.0166666666667	0.0111111111111	0.0166666666667	0.727777777778	
0.0111111111111	0.0333333333333	0.05	0.0611111111111	0.0444444444444	0.00555555555556	0.0333333333333	0.0111111111111	0.00555555555556	0.00555555555556	0.738888888889	
0.0388888888889	0.0333333333333	0.0222222222222	0.0277777777778	0.0333333333333	0.0166666666667	0.0388888888889	0.00555555555556	0.00555555555556	0.00555555555556	0.772222222222	
0.0166666666667	0.0111111111111	0.0222222222222	0.0388888888889	0.0555555555556	0.00555555555556	0.0166666666667	0.0166666666667	0.0111111111111	0.0111111111111	0.794444444444	
0.0444444444444	0.0666666666667	0.0444444444444	0.0444444444444	0.0611111111111	0.0166666666667	0	0.0277777777778	0.00555555555556	0.0166666666667	0.672222222222	
0.0333333333333	0.0222222222222	0.0277777777778	0.0166666666667	0.0277777777778	0.00555555555556	0.0111111111111	0.00555555555556	0.0166666666667	0.0166666666667	0.816666666667	
0.0555555555556	0.0333333333333	0.0277777777778	0.0388888888889	0.0555555555556	0.0166666666667	0.0111111111111	0.0333333333333	0.0111111111111	0.00555555555556	0.711111111111	
0.0388888888889	0.0166666666667	0.0388888888889	0.0277777777778	0.05	0.0111111111111	0.00555555555556	0.00555555555556	0.00555555555556	0.0166666666667	0.783333333333	
0.0388888888889	0.0444444444444	0.0166666666667	0.0388888888889	0.0611111111111	0.00555555555556	0	0.00555555555556	0.0111111111111	0.00555555555556	0.772222222222	
0.0333333333333	0.0444444444444	0.0166666666667	0.0555555555556	0.0666666666667	0.0222222222222	0.0111111111111	0.00555555555556	0	0	0.744444444444	
0.0111111111111	0.0277777777778	0.0166666666667	0.0777777777778	0.0388888888889	0.0111111111111	0.0333333333333	0.0166666666667	0	0.00555555555556	0.761111111111	
0.0277777777778	0.0111111111111	0.0388888888889	0.0333333333333	0.0611111111111	0.00555555555556	0.00555555555556	0.00555555555556	0	0.00555555555556	0.805555555556	
0.0333333333333	0.0111111111111	0.0111111111111	0.0555555555556	0.0388888888889	0.0111111111111	0	0.0277777777778	0.0111111111111	0.0111111111111	0.788888888889	
0.0277777777778	0.0166666666667	0.0222222222222	0.0166666666667	0.0277777777778	0.0166666666667	0.0222222222222	0.0277777777778	0.0166666666667	0.0111111111111	0.794444444444	
0.05	0.0444444444444	0.0444444444444	0.0888888888889	0.0333333333333	0.0111111111111	0.00555555555556	0.0222222222222	0.0111111111111	0.0111111111111	0.677777777778	
0.0277777777778	0.0277777777778	0.0277777777778	0.0333333333333	0.0444444444444	0.00555555555556	0.0166666666667	0.0111111111111	0.00555555555556	0.0166666666667	0.783333333333	
0.0166666666667	0.0166666666667	0.0222222222222	0.0388888888889	0.05	0.00555555555556	0.0277777777778	0.0166666666667	0.00555555555556	0.0111111111111	0.788888888889	
0.0333333333333	0.0277777777778	0.0444444444444	0.05	0.05	0.0111111111111	0.0277777777778	0.0166666666667	0.0111111111111	0.00555555555556	0.722222222222	
0.0611111111111	0.0111111111111	0.0277777777778	0.0388888888889	0.0555555555556	0.0111111111111	0	0.0111111111111	0.0166666666667	0.0222222222222	0.744444444444	
0.0333333333333	0.0111111111111	0.0388888888889	0.0333333333333	0.0333333333333	0.00555555555556	0	0.00555555555556	0.00555555555556	0.0166666666667	0.816666666667	
0.0388888888889	0.0388888888889	0.0333333333333	0.05	0.0444444444444	0	0.00555555555556	0.0222222222222	0	0.00555555555556	0.761111111111	
0.0111111111111	0.0111111111111	0.0333333333333	0.0611111111111	0.0555555555556	0	0.0166666666667	0.0166666666667	0.0166666666667	0.00555555555556	0.772222222222	
0.0333333333333	0.0722222222222	0.0111111111111	0.0611111111111	0.0611111111111	0.00555555555556	0.0111111111111	0.0166666666667	0.00555555555556	0.00555555555556	0.716666666667	
0.0388888888889	0.0388888888889	0.0444444444444	0.0333333333333	0.0555555555556	0	0.0111111111111	0.0166666666667	0.0111111111111	0	0.75	
0.0222222222222	0.0222222222222	0.0888888888889	0.0388888888889	0.0333333333333	0	0.0222222222222	0.00555555555556	0	0	0.766666666667	
0.0166666666667	0.0277777777778	0.0277777777778	0.0444444444444	0.0333333333333	0	0.0333333333333	0.0111111111111	0	0.00555555555556	0.8	
0.0333333333333	0.0333333333333	0.0111111111111	0.0611111111111	0.0555555555556	0.00555555555556	0.0111111111111	0.0222222222222	0.0111111111111	0.0111111111111	0.744444444444	
0.0111111111111	0.0222222222222	0.0166666666667	0.05	0.0388888888889	0.0111111111111	0.0166666666667	0.0222222222222	0.00555555555556	0.0166666666667	0.788888888889	
0.0277777777778	0.05	0.0388888888889	0.0333333333333	0.0388888888889	0.0111111111111	0.05	0.00555555555556	0.0111111111111	0.00555555555556	0.727777777778	
0.0388888888889	0.0333333333333	0.0222222222222	0.0333333333333	0.0611111111111	0.00555555555556	0.00555555555556	0.0111111111111	0.0166666666667	0.00555555555556	0.766666666667	
0.0277777777778	0.0277777777778	0.05	0.0611111111111	0.0722222222222	0	0.0111111111111	0.00555555555556	0.00555555555556	0.00555555555556	0.733333333333	
0.0444444444444	0.0333333333333	0.0277777777778	0.0444444444444	0.0333333333333	0.0111111111111	0.0166666666667	0.00555555555556	0	0.00555555555556	0.777777777778	
0.0222222222222	0.0333333333333	0.0388888888889	0.0555555555556	0.0555555555556	0	0.0111111111111	0.0222222222222	0	0.0111111111111	0.75	
0.0388888888889	0.0333333333333	0.0277777777778	0.0333333333333	0.0388888888889	0.00555555555556	0.0222222222222	0.0222222222222	0.0111111111111	0.00555555555556	0.761111111111	
0.0277777777778	0.0277777777778	0.0222222222222	0.0277777777778	0.0277777777778	0.0111111111111	0.0166666666667	0.0277777777778	0.00555555555556	0.0111111111111	0.794444444444	
0.0222222222222	0.0166666666667	0.0444444444444	0.0722222222222	0.0277777777778	0.0111111111111	0.0111111111111	0.0222222222222	0.00555555555556	0.00555555555556	0.761111111111	
0.00555555555556	0.0166666666667	0.0388888888889	0.0444444444444	0.0333333333333	0.0111111111111	0.0222222222222	0.00555555555556	0.0166666666667	0.00555555555556	0.8	
0.0333333333333	0.0611111111111	0.0222222222222	0.0388888888889	0.0444444444444	0.00555555555556	0.0166666666667	0.00555555555556	0	0.00555555555556	0.766666666667	
0.0222222222222	0.0388888888889	0.0444444444444	0.0722222222222	0.05	0.00555555555556	0.0166666666667	0.0166666666667	0.0111111111111	0.0111111111111	0.711111111111	
0.0222222222222	0.0388888888889	0.0277777777778	0.0333333333333	0.0833333333333	0.0111111111111	0.0111111111111	0.0222222222222	0.0111111111111	0.00555555555556	0.733333333333	
0.0333333333333	0.0277777777778	0.0444444444444	0.0611111111111	0.0444444444444	0.00555555555556	0.0111111111111	0.0166666666667	0.00555555555556	0.0111111111111	0.738888888889	
0.0222222222222	0.0222222222222	0.00555555555556	0.0166666666667	0.0333333333333	0.00555555555556	0.00555555555556	0.0111111111111	0.0111111111111	0.00555555555556	0.861111111111	
0.0388888888889	0.0222222222222	0.0166666666667	0.0833333333333	0.0444444444444	0.0111111111111	0.00555555555556	0.0111111111111	0	0.00555555555556	0.761111111111	
0.0444444444444	0.0611111111111	0.0277777777778	0.0555555555556	0.05	0.0111111111111	0.0111111111111	0.0111111111111	0	0.00555555555556	0.722222222222	
0.05	0.0277777777778	0.05	0	0	0.0222222222222	0.0166666666667	0.0166666666667	0	0.0166666666667	0.8	
0.0444444444444	0.0611111111111	0.0444444444444	0	0.0111111111111	0.00555555555556	0.0222222222222	0.0166666666667	0	0.0111111111111	0.783333333333	
0	0	0	0	0	0	0.0166666666667	0.0166666666667	0.00555555555556	0	0.961111111111	
0	0	0	0	0	0.0222222222222	0.0222222222222	0.0111111111111	0	0.0222222222222	0.922222222222	
0	0	0	0	0	0.0111111111111	0.0166666666667	0.0222222222222	0	0.0111111111111	0.938888888889	
0.00555555555556	0	0	0	0	0.0111111111111	0.0333333333333	0.0222222222222	0	0.0222222222222	0.905555555556	
0.05	0.0111111111111	0.0222222222222	0.0611111111111	0.0833333333333	0.00555555555556	0	0.00555555555556	0.00555555555556	0	0.755555555556	
0.05	0.0166666666667	0.00555555555556	0.0277777777778	0.0388888888889	0	0.00555555555556	0.0111111111111	0.0222222222222	0.00555555555556	0.816666666667	
0.0388888888889	0.0388888888889	0.0333333333333	0.0555555555556	0.0333333333333	0.0277777777778	0.0277777777778	0.0388888888889	0.00555555555556	0	0.7	
0.05	0.0166666666667	0.0277777777778	0.0611111111111	0.0444444444444	0.00555555555556	0.0166666666667	0.0166666666667	0	0.0111111111111	0.75	
0.0277777777778	0.0444444444444	0.0444444444444	0.0611111111111	0.0444444444444	0.00555555555556	0.0222222222222	0.0277777777778	0.0111111111111	0	0.711111111111	
0.0333333333333	0.0222222222222	0.0222222222222	0.0388888888889	0.0277777777778	0.0111111111111	0.0166666666667	0.0277777777778	0.00555555555556	0.00555555555556	0.788888888889	
0.0555555555556	0.0222222222222	0.0277777777778	0.0611111111111	0.0611111111111	0.00555555555556	0.0277777777778	0.0166666666667	0	0	0.722222222222	
0.0444444444444	0.05	0.0333333333333	0.05	0.0333333333333	0.0166666666667	0.0166666666667	0.00555555555556	0.0111111111111	0.0111111111111	0.727777777778	
0.0333333333333	0.0166666666667	0.0555555555556	0.0166666666667	0.0888888888889	0	0.0277777777778	0.0166666666667	0.00555555555556	0.0111111111111	0.727777777778	
0.0444444444444	0.0277777777778	0.0277777777778	0.05	0.0444444444444	0.00555555555556	0.0166666666667	0.0166666666667	0.00555555555556	0	0.761111111111	
0.0333333333333	0.0222222222222	0.0277777777778	0.0388888888889	0.0444444444444	0	0.0222222222222	0.0277777777778	0	0	0.783333333333	
0.0333333333333	0.0333333333333	0.0388888888889	0.0333333333333	0.05	0.0111111111111	0	0	0	0	0.8	
0.0111111111111	0.0666666666667	0.0277777777778	0.0611111111111	0.0444444444444	0.0166666666667	0.0222222222222	0.0111111111111	0.0111111111111	0.0111111111111	0.716666666667	
0.0166666666667	0.0333333333333	0.0222222222222	0.0555555555556	0.0388888888889	0.00555555555556	0.0333333333333	0.0444444444444	0	0.0111111111111	0.738888888889	
0.0666666666667	0.0222222222222	0.0277777777778	0.0666666666667	0.0333333333333	0.0111111111111	0.0111111111111	0.0444444444444	0	0	0.716666666667	
0.0277777777778	0.0388888888889	0.0333333333333	0.0388888888889	0.0666666666667	0.00555555555556	0.00555555555556	0.0166666666667	0.00555555555556	0.00555555555556	0.755555555556	
0.0777777777778	0.0277777777778	0.0333333333333	0.05	0.0611111111111	0.0166666666667	0.0166666666667	0.0111111111111	0.00555555555556	0.0111111111111	0.688888888889	
0.0222222222222	0.0222222222222	0.0222222222222	0.0666666666667	0.0333333333333	0.0222222222222	0.0111111111111	0.0222222222222	0.00555555555556	0.0111111111111	0.761111111111	
0.0388888888889	0.0277777777778	0.0222222222222	0.0388888888889	0.0444444444444	0.00555555555556	0.0111111111111	0	0.00555555555556	0.0111111111111	0.794444444444	
0.0611111111111	0.0277777777778	0.0277777777778	0.0666666666667	0.0722222222222	0.00555555555556	0.0277777777778	0.0222222222222	0	0.00555555555556	0.683333333333	
0.0222222222222	0.0444444444444	0.0388888888889	0.05	0.0611111111111	0.0111111111111	0.0111111111111	0.00555555555556	0.00555555555556	0.00555555555556	0.744444444444	
0.0444444444444	0.0333333333333	0.0444444444444	0.0444444444444	0.0444444444444	0.0111111111111	0.0166666666667	0.00555555555556	0	0	0.755555555556	
0.0166666666667	0.0333333333333	0.0388888888889	0.0555555555556	0.0555555555556	0.00555555555556	0.0111111111111	0.0277777777778	0	0.00555555555556	0.75	
0.0388888888889	0.0388888888889	0.0166666666667	0.0722222222222	0.0722222222222	0.00555555555556	0.0166666666667	0.0111111111111	0.0166666666667	0.00555555555556	0.705555555556	
0.0222222222222	0.0333333333333	0.0333333333333	0.0666666666667	0.0277777777778	0	0	0.00555555555556	0.00555555555556	0.00555555555556	0.8	
0.0388888888889	0.0277777777778	0.0333333333333	0.0611111111111	0.05	0	0.0111111111111	0.0166666666667	0	0	0.761111111111	
0.0388888888889	0.0333333333333	0.0333333333333	0.0444444444444	0.0333333333333	0	0.0166666666667	0.0111111111111	0.0222222222222	0	0.766666666667	
0.0555555555556	0.0166666666667	0.0277777777778	0.0444444444444	0.0666666666667	0.0111111111111	0.00555555555556	0.0222222222222	0.0111111111111	0	0.738888888889	
0.0166666666667	0.0333333333333	0.0277777777778	0.0555555555556	0.0333333333333	0.00555555555556	0.0166666666667	0.0166666666667	0.00555555555556	0.00555555555556	0.783333333333	
0.05	0.0388888888889	0.0222222222222	0.0388888888889	0.0222222222222	0.00555555555556	0.0222222222222	0.0222222222222	0.00555555555556	0.00555555555556	0.766666666667	
0.0388888888889	0.0444444444444	0.0444444444444	0.0388888888889	0.0611111111111	0.00555555555556	0.0166666666667	0.0111111111111	0.00555555555556	0.00555555555556	0.727777777778	
0.0277777777778	0.0277777777778	0.0166666666667	0.05	0.0777777777778	0.00555555555556	0.0222222222222	0.00555555555556	0.0111111111111	0.00555555555556	0.75	
0.0333333333333	0.0222222222222	0.05	0.0388888888889	0.0722222222222	0.00555555555556	0.0111111111111	0.0111111111111	0.0111111111111	0	0.744444444444	
0.0277777777778	0.0166666666667	0.0444444444444	0.0444444444444	0.05	0.0111111111111	0.0277777777778	0.0166666666667	0.00555555555556	0.00555555555556	0.75	
0.0333333333333	0.0388888888889	0.0166666666667	0.0611111111111	0.0277777777778	0.0111111111111	0.0277777777778	0.00555555555556	0.00555555555556	0	0.772222222222	
0.0222222222222	0.0333333333333	0.0333333333333	0.0444444444444	0.0611111111111	0.0111111111111	0.0222222222222	0.00555555555556	0.0111111111111	0.00555555555556	0.75	
0.0444444444444	0.0277777777778	0.05	0.0222222222222	0.05	0.0111111111111	0.0222222222222	0.0222222222222	0.0111111111111	0.00555555555556	0.733333333333	
0.0166666666667	0.0388888888889	0.0277777777778	0.0166666666667	0.0611111111111	0.0111111111111	0.0111111111111	0.0166666666667	0.00555555555556	0	0.794444444444	
0.0444444444444	0.0388888888889	0.0555555555556	0.0555555555556	0.0666666666667	0.00555555555556	0.0111111111111	0.00555555555556	0	0.00555555555556	0.711111111111	
0.0611111111111	0.0222222222222	0.0222222222222	0.05	0.0555555555556	0	0.0111111111111	0.0111111111111	0.0111111111111	0.00555555555556	0.75	
0.0388888888889	0.0333333333333	0.0388888888889	0.05	0.05	0.0166666666667	0.0222222222222	0.0166666666667	0.00555555555556	0.00555555555556	0.722222222222	
0.0166666666667	0.00555555555556	0.0666666666667	0.0611111111111	0.05	0.0111111111111	0.0277777777778	0.0166666666667	0.0111111111111	0.0277777777778	0.705555555556	
0.0388888888889	0.0277777777778	0.0388888888889	0.0277777777778	0.0388888888889	0.0166666666667	0.0111111111111	0.0222222222222	0.0111111111111	0.00555555555556	0.761111111111	
0.0222222222222	0.0388888888889	0.0388888888889	0.0388888888889	0.0611111111111	0.00555555555556	0.0166666666667	0.0166666666667	0	0.0111111111111	0.75	
0.0277777777778	0.0166666666667	0.0555555555556	0.0722222222222	0.0444444444444	0.0111111111111	0	0.0222222222222	0.00555555555556	0.0222222222222	0.722222222222	
0.00555555555556	0.0222222222222	0.0277777777778	0.0388888888889	0.0444444444444	0.0111111111111	0.0111111111111	0.0166666666667	0.0111111111111	0	0.811111111111	
0.0444444444444	0.0222222222222	0.0388888888889	0.0333333333333	0.0388888888889	0.00555555555556	0.0222222222222	0.0166666666667	0.0111111111111	0.00555555555556	0.761111111111	
0.0444444444444	0.0222222222222	0.0388888888889	0.0444444444444	0.0444444444444	0.00555555555556	0.0333333333333	0.0111111111111	0	0.0277777777778	0.727777777778	
0.0222222222222	0.0222222222222	0.0388888888889	0.0666666666667	0.05	0.00555555555556	0.0111111111111	0.00555555555556	0	0.0222222222222	0.755555555556	
0.0333333333333	0.0444444444444	0.0166666666667	0.0444444444444	0.0555555555556	0	0.00555555555556	0.0166666666667	0.00555555555556	0.0111111111111	0.766666666667	
0.0555555555556	0.0277777777778	0.0555555555556	0.0444444444444	0.0611111111111	0.00555555555556	0	0.0111111111111	0	0.00555555555556	0.733333333333	
0.0277777777778	0.0277777777778	0.0222222222222	0.0333333333333	0.0555555555556	0.00555555555556	0.0388888888889	0.0111111111111	0.00555555555556	0.0111111111111	0.761111111111	
0.0277777777778	0.0222222222222	0.0222222222222	0.0444444444444	0.0444444444444	0.00555555555556	0.0111111111111	0.0166666666667	0.00555555555556	0	0.8	
0.0277777777778	0.0277777777778	0.0277777777778	0.0388888888889	0.0444444444444	0.00555555555556	0.00555555555556	0.0166666666667	0	0.0111111111111	0.794444444444	
0.0277777777778	0.0111111111111	0.0277777777778	0.0333333333333	0.0444444444444	0.0111111111111	0.0166666666667	0.0277777777778	0.0111111111111	0.00555555555556	0.783333333333	
0.0555555555556	0.0333333333333	0.0222222222222	0.0777777777778	0.0333333333333	0.00555555555556	0.0277777777778	0.0222222222222	0.00555555555556	0.0111111111111	0.705555555556	
0.0166666666667	0.0166666666667	0.05	0.0388888888889	0.0333333333333	0.00555555555556	0.0277777777778	0.0222222222222	0	0.0222222222222	0.766666666667	
0.0166666666667	0.0444444444444	0.0166666666667	0.05	0.0555555555556	0.00555555555556	0.0166666666667	0.0111111111111	0	0.0222222222222	0.761111111111	
0.0277777777778	0.0333333333333	0.0333333333333	0.0444444444444	0.0388888888889	0.0277777777778	0.00555555555556	0.0166666666667	0.0111111111111	0.00555555555556	0.755555555556	
0.0166666666667	0.0333333333333	0.0388888888889	0.05	0.0611111111111	0.0222222222222	0.00555555555556	0.00555555555556	0	0.00555555555556	0.761111111111	
0.0277777777778	0.0277777777778	0.0166666666667	0.0277777777778	0.05	0	0.0222222222222	0.0111111111111	0.0111111111111	0	0.805555555556	
0.0222222222222	0.0222222222222	0.00555555555556	0.0555555555556	0.0555555555556	0	0.0333333333333	0.0111111111111	0.00555555555556	0.00555555555556	0.783333333333	
0.0555555555556	0.0388888888889	0.0277777777778	0.0333333333333	0.0611111111111	0.00555555555556	0.0222222222222	0.0222222222222	0.00555555555556	0	0.727777777778	
0.0333333333333	0.0111111111111	0.0333333333333	0.0666666666667	0.05	0.00555555555556	0	0.0222222222222	0	0.0111111111111	0.766666666667	
0.0444444444444	0.0444444444444	0.05	0.0555555555556	0.0388888888889	0	0.0277777777778	0.0222222222222	0.0111111111111	0	0.705555555556	
0.0166666666667	0.0666666666667	0.0277777777778	0.0722222222222	0.0611111111111	0.00555555555556	0.0333333333333	0.00555555555556	0.00555555555556	0.00555555555556	0.7	
0.0111111111111	0.0277777777778	0.0222222222222	0.0833333333333	0.0388888888889	0.0111111111111	0.00555555555556	0.00555555555556	0.0222222222222	0.00555555555556	0.766666666667	
0.0277777777778	0.0388888888889	0.0222222222222	0.0666666666667	0.0388888888889	0.00555555555556	0.0222222222222	0.00555555555556	0.00555555555556	0.0111111111111	0.755555555556	
0.0388888888889	0.0333333333333	0.0555555555556	0.0333333333333	0.0777777777778	0.0166666666667	0.0111111111111	0.0166666666667	0.00555555555556	0.00555555555556	0.705555555556	
0.00555555555556	0.0166666666667	0.0388888888889	0.0611111111111	0.0333333333333	0.0166666666667	0.0111111111111	0.00555555555556	0.0111111111111	0.00555555555556	0.794444444444	
0.0111111111111	0.0111111111111	0.05	0.05	0.0166666666667	0.0222222222222	0.0277777777778	0.00555555555556	0.00555555555556	0.0111111111111	0.788888888889	
0.05	0.0388888888889	0.0277777777778	0.05	0.0333333333333	0	0.0111111111111	0.00555555555556	0	0.0111111111111	0.772222222222	
0.0333333333333	0.0222222222222	0.0333333333333	0.0222222222222	0.0444444444444	0.0111111111111	0.0111111111111	0.0111111111111	0	0.0111111111111	0.8	
0.0222222222222	0.0222222222222	0.0166666666667	0.0555555555556	0.05	0.0111111111111	0.0222222222222	0.0222222222222	0	0.0111111111111	0.766666666667	
0.0444444444444	0.0444444444444	0.0388888888889	0.0611111111111	0.0555555555556	0.00555555555556	0.00555555555556	0.0111111111111	0.00555555555556	0	0.727777777778	
0.0555555555556	0.0277777777778	0.0444444444444	0.0444444444444	0.0444444444444	0.00555555555556	0.0333333333333	0.0166666666667	0.00555555555556	0.00555555555556	0.716666666667	
0.0388888888889	0.0222222222222	0.0166666666667	0.05	0.0333333333333	0	0.0111111111111	0.0166666666667	0.0111111111111	0.0166666666667	0.783333333333	
0.0222222222222	0.0388888888889	0.0222222222222	0.0444444444444	0.0277777777778	0.0111111111111	0.0111111111111	0.0111111111111	0.00555555555556	0	0.805555555556	
0.0222222222222	0.0444444444444	0.0277777777778	0.0166666666667	0.05	0	0.0166666666667	0.0111111111111	0.00555555555556	0	0.805555555556	
0.0277777777778	0.0444444444444	0.0333333333333	0.0555555555556	0.0666666666667	0	0.0111111111111	0.0166666666667	0	0.00555555555556	0.738888888889	
0.0222222222222	0.0444444444444	0.0166666666667	0.0555555555556	0.05	0.00555555555556	0.0111111111111	0.0111111111111	0	0.00555555555556	0.777777777778	
0.0333333333333	0.0277777777778	0.0333333333333	0.0444444444444	0.0666666666667	0.00555555555556	0.0166666666667	0.0111111111111	0	0.0166666666667	0.744444444444	
0.0333333333333	0.0166666666667	0.0333333333333	0.0333333333333	0.0388888888889	0.0111111111111	0.0222222222222	0.00555555555556	0.00555555555556	0.00555555555556	0.794444444444	
0.0222222222222	0.0388888888889	0.0277777777778	0.0777777777778	0.05	0.0111111111111	0.0277777777778	0.0111111111111	0.0111111111111	0	0.722222222222	
0.0388888888889	0.0277777777778	0.0388888888889	0.0333333333333	0.0555555555556	0.00555555555556	0.00555555555556	0.0222222222222	0	0.00555555555556	0.766666666667	
0.0111111111111	0.0444444444444	0.0277777777778	0.0611111111111	0.0277777777778	0.00555555555556	0.0222222222222	0.0111111111111	0.00555555555556	0.0111111111111	0.772222222222	
0.0333333333333	0.0222222222222	0.0166666666667	0.0388888888889	0.0666666666667	0.00555555555556	0.0222222222222	0	0.0166666666667	0	0.777777777778	
0.0222222222222	0.0333333333333	0.0222222222222	0.0333333333333	0.0388888888889	0.0166666666667	0.0333333333333	0.0277777777778	0.0111111111111	0	0.761111111111	
0.0166666666667	0.05	0.0444444444444	0.0277777777778	0.0666666666667	0.0166666666667	0.0111111111111	0.0222222222222	0.0222222222222	0	0.722222222222	
0.0444444444444	0.0111111111111	0.0277777777778	0.0555555555556	0.0444444444444	0.0111111111111	0.0111111111111	0.0166666666667	0.00555555555556	0.00555555555556	0.766666666667	
0.0444444444444	0.0555555555556	0.0388888888889	0.0666666666667	0.0611111111111	0.00555555555556	0.0111111111111	0.00555555555556	0.00555555555556	0.0111111111111	0.694444444444	
0.0388888888889	0.0277777777778	0.05	0.0444444444444	0.0722222222222	0	0.0222222222222	0.0111111111111	0.00555555555556	0.0111111111111	0.716666666667	
0.0222222222222	0.0333333333333	0.0277777777778	0.05	0.0444444444444	0.00555555555556	0.00555555555556	0.0111111111111	0.00555555555556	0.00555555555556	0.788888888889	
0.0333333333333	0.0333333333333	0.0388888888889	0.0944444444444	0.0388888888889	0.00555555555556	0.0166666666667	0.0166666666667	0.00555555555556	0.00555555555556	0.711111111111	
0.0111111111111	0.0222222222222	0.0277777777778	0.05	0.0722222222222	0.0111111111111	0.0222222222222	0.00555555555556	0.0111111111111	0.0111111111111	0.755555555556	
0.0222222222222	0.0222222222222	0.0333333333333	0.0555555555556	0.0722222222222	0.00555555555556	0.0166666666667	0.0111111111111	0	0.0111111111111	0.75	
0.0333333333333	0.0444444444444	0.0388888888889	0.0666666666667	0.0388888888889	0.00555555555556	0.00555555555556	0.00555555555556	0	0	0.761111111111	
0.0333333333333	0.05	0.0277777777778	0.0611111111111	0.0444444444444	0.00555555555556	0.0111111111111	0.0222222222222	0.00555555555556	0.00555555555556	0.733333333333	
0.0166666666667	0.0444444444444	0.0222222222222	0.0388888888889	0.0444444444444	0	0.00555555555556	0.0111111111111	0.00555555555556	0	0.811111111111	
0.05	0.0277777777778	0.0388888888889	0.0333333333333	0.05	0	0.00555555555556	0	0.00555555555556	0	0.788888888889	
0.0277777777778	0.0222222222222	0.0222222222222	0.0333333333333	0.0611111111111	0	0.0111111111111	0.0166666666667	0.0166666666667	0	0.788888888889	
0.0277777777778	0.0111111111111	0.05	0.0333333333333	0.05	0.0166666666667	0.00555555555556	0.00555555555556	0.00555555555556	0.00555555555556	0.788888888889	
0.0388888888889	0.0388888888889	0.0111111111111	0.0555555555556	0.0333333333333	0.0166666666667	0.0111111111111	0.0166666666667	0.0111111111111	0.0166666666667	0.75	
0.0333333333333	0.0333333333333	0.0222222222222	0.05	0.0444444444444	0	0.0222222222222	0.0277777777778	0	0	0.766666666667	
0.0444444444444	0.0333333333333	0.0555555555556	0.0611111111111	0.0277777777778	0.0111111111111	0.0222222222222	0.0111111111111	0.0166666666667	0.0111111111111	0.705555555556	
0.0222222222222	0.0388888888889	0.0333333333333	0.0555555555556	0.0388888888889	0.00555555555556	0.00555555555556	0.0166666666667	0.00555555555556	0	0.777777777778	
0.0555555555556	0.0444444444444	0.0333333333333	0.0611111111111	0.0388888888889	0	0.0166666666667	0.0222222222222	0.00555555555556	0.00555555555556	0.716666666667	
0.0277777777778	0.0111111111111	0.0166666666667	0.0777777777778	0.0388888888889	0	0.0222222222222	0.0111111111111	0	0	0.794444444444	
0.0277777777778	0.0222222222222	0.0333333333333	0.0444444444444	0.0388888888889	0	0.0111111111111	0.0166666666667	0	0	0.805555555556	
0.0222222222222	0.0388888888889	0.0277777777778	0.0666666666667	0.0666666666667	0	0.00555555555556	0.0166666666667	0.0111111111111	0	0.744444444444	
0.0444444444444	0.0444444444444	0.0222222222222	0.0444444444444	0.0555555555556	0	0.0222222222222	0.0166666666667	0	0.0222222222222	0.727777777778	
0.0222222222222	0.0666666666667	0.0222222222222	0.0555555555556	0.0666666666667	0.0111111111111	0.0333333333333	0	0.0111111111111	0.0111111111111	0.7	
0.0111111111111	0.0722222222222	0.0444444444444	0.0555555555556	0.0277777777778	0.00555555555556	0.0166666666667	0.0111111111111	0.0111111111111	0.00555555555556	0.738888888889	
0.0277777777778	0.0388888888889	0.0277777777778	0.0333333333333	0.0444444444444	0	0	0.0444444444444	0.0111111111111	0.0111111111111	0.761111111111	
0.0333333333333	0.0388888888889	0.0555555555556	0.0111111111111	0.05	0.0222222222222	0.0166666666667	0.0333333333333	0	0.00555555555556	0.733333333333	
0.0166666666667	0.0277777777778	0.0277777777778	0.0611111111111	0.0555555555556	0	0.0166666666667	0.00555555555556	0	0.0111111111111	0.777777777778	
0.0222222222222	0.0111111111111	0.05	0.0277777777778	0.0444444444444	0.00555555555556	0.0166666666667	0.0166666666667	0	0.0111111111111	0.794444444444	
0.00555555555556	0.0833333333333	0.0222222222222	0.0444444444444	0.0333333333333	0	0.0388888888889	0.0111111111111	0	0	0.761111111111	
0.0166666666667	0.0388888888889	0.0611111111111	0.0444444444444	0.0611111111111	0	0.00555555555556	0.0111111111111	0.0111111111111	0.0111111111111	0.738888888889	
0.0277777777778	0.0388888888889	0.0111111111111	0.0666666666667	0.0777777777778	0.0166666666667	0.0222222222222	0.0111111111111	0	0.00555555555556	0.722222222222	
0.0388888888889	0.0277777777778	0.0166666666667	0.0333333333333	0.0277777777778	0.0166666666667	0.00555555555556	0.0166666666667	0.00555555555556	0	0.811111111111	
0.0277777777778	0.0388888888889	0.0333333333333	0.0611111111111	0.0555555555556	0.0111111111111	0.0333333333333	0.0222222222222	0.00555555555556	0.00555555555556	0.705555555556	
0.0333333333333	0.05	0.0444444444444	0	0	0.00555555555556	0.0333333333333	0.0166666666667	0	0.0111111111111	0.805555555556	
0.0388888888889	0.0388888888889	0.0333333333333	0.00555555555556	0	0.0111111111111	0.0277777777778	0.0111111111111	0.00555555555556	0.00555555555556	0.822222222222	
0.00555555555556	0	0	0	0	0.0166666666667	0.0555555555556	0.0166666666667	0.00555555555556	0	0.9	
