0.107594936709	0.0379746835443	0.0379746835443	0.0506329113924	0.0443037974684	0.0126582278481	0.00632911392405	0.0126582278481	0.00632911392405	0.00632911392405	0.677215189873	
0.0696202531646	0.0696202531646	0.0379746835443	0.0443037974684	0.0886075949367	0.0126582278481	0	0.0253164556962	0.0126582278481	0	0.639240506329	
0.0759493670886	0.0569620253165	0.0316455696203	0.0253164556962	0.0569620253165	0.00632911392405	0.0189873417722	0.00632911392405	0.00632911392405	0.00632911392405	0.708860759494	
0.0696202531646	0.0759493670886	0.0443037974684	0.0506329113924	0.0506329113924	0.00632911392405	0.0126582278481	0.0189873417722	0.00632911392405	0.0126582278481	0.651898734177	
0.0632911392405	0.0949367088608	0.0316455696203	0.0316455696203	0.0632911392405	0.0126582278481	0.00632911392405	0.0126582278481	0.0189873417722	0.0126582278481	0.651898734177	
0.0949367088608	0.0822784810127	0.0569620253165	0.0316455696203	0.0696202531646	0.0189873417722	0.00632911392405	0.0189873417722	0.00632911392405	0.00632911392405	0.607594936709	
0.0506329113924	0.0632911392405	0.0569620253165	0.0506329113924	0.0886075949367	0.0189873417722	0	0.0253164556962	0	0.00632911392405	0.639240506329	
0.0822784810127	0.0506329113924	0.0379746835443	0.0506329113924	0.0379746835443	0.0189873417722	0.0126582278481	0.00632911392405	0.0126582278481	0.00632911392405	0.683544303797	
0.0443037974684	0.0759493670886	0.0569620253165	0.0379746835443	0.0506329113924	0.0189873417722	0.0253164556962	0.0189873417722	0.0189873417722	0.0126582278481	0.639240506329	
0.0759493670886	0.0759493670886	0.0126582278481	0.0126582278481	0.113924050633	0	0.0126582278481	0.0189873417722	0.00632911392405	0	0.670886075949	
0.0379746835443	0.0759493670886	0.0443037974684	0.0189873417722	0.0443037974684	0.00632911392405	0	0.0443037974684	0.00632911392405	0.00632911392405	0.715189873418	
0.0506329113924	0.0696202531646	0.0379746835443	0.0316455696203	0.101265822785	0.0126582278481	0.0126582278481	0	0	0.0126582278481	0.670886075949	
0.0569620253165	0.0443037974684	0.0443037974684	0.0379746835443	0.0949367088608	0.0253164556962	0.0126582278481	0.0253164556962	0.0189873417722	0.00632911392405	0.632911392405	
0.0506329113924	0.101265822785	0.0253164556962	0.0569620253165	0.101265822785	0.0189873417722	0	0.0253164556962	0.00632911392405	0	0.613924050633	
0.0632911392405	0.0822784810127	0.0506329113924	0.0506329113924	0.101265822785	0.00632911392405	0.0126582278481	0.00632911392405	0	0.00632911392405	0.620253164557	
0.0886075949367	0.0569620253165	0.0253164556962	0.0443037974684	0.0886075949367	0.0126582278481	0.0126582278481	0.0189873417722	0.00632911392405	0.00632911392405	0.639240506329	
0.0569620253165	0.0822784810127	0.0379746835443	0.0379746835443	0.0569620253165	0.0126582278481	0.0126582278481	0.0253164556962	0.0189873417722	0.0189873417722	0.639240506329	
0.0189873417722	0.0632911392405	0.0189873417722	0.0506329113924	0.0443037974684	0.0189873417722	0.0189873417722	0	0	0.0126582278481	0.753164556962	
0.0696202531646	0.0506329113924	0.0379746835443	0.0253164556962	0.0569620253165	0.0189873417722	0.0189873417722	0.0316455696203	0.0189873417722	0.0126582278481	0.658227848101	
0.0632911392405	0.0822784810127	0.0316455696203	0.0316455696203	0.0822784810127	0.0316455696203	0	0.00632911392405	0.0126582278481	0	0.658227848101	
0.0696202531646	0.0506329113924	0.0189873417722	0.0443037974684	0.0759493670886	0.0189873417722	0.0189873417722	0.0253164556962	0.00632911392405	0.00632911392405	0.664556962025	
0.0822784810127	0.0316455696203	0.0443037974684	0.0443037974684	0.0949367088608	0	0.0253164556962	0.0189873417722	0	0.00632911392405	0.651898734177	
0.0696202531646	0.0443037974684	0.0253164556962	0.0569620253165	0.0443037974684	0.0189873417722	0.0126582278481	0.0189873417722	0.0126582278481	0.00632911392405	0.689873417722	
0.0443037974684	0.0696202531646	0.0379746835443	0.0379746835443	0.0443037974684	0.0126582278481	0.00632911392405	0.00632911392405	0	0.0126582278481	0.727848101266	
0.0569620253165	0.101265822785	0.0379746835443	0.0316455696203	0.0949367088608	0.0126582278481	0.00632911392405	0.0189873417722	0	0.00632911392405	0.632911392405	
0.0506329113924	0.0696202531646	0.00632911392405	0.0569620253165	0.0696202531646	0.0189873417722	0.0189873417722	0.00632911392405	0.00632911392405	0	0.696202531646	
0.0632911392405	0.0759493670886	0.0316455696203	0.0379746835443	0.0949367088608	0.0253164556962	0.0316455696203	0.0126582278481	0.00632911392405	0.00632911392405	0.613924050633	
0.0443037974684	0.0822784810127	0.00632911392405	0.0443037974684	0.0759493670886	0	0.0189873417722	0.0253164556962	0.00632911392405	0.00632911392405	0.689873417722	
0.0506329113924	0.0632911392405	0.0253164556962	0.0506329113924	0.0569620253165	0.00632911392405	0.0253164556962	0.00632911392405	0.00632911392405	0.0189873417722	0.689873417722	
0.0822784810127	0.0632911392405	0.0253164556962	0.0253164556962	0.107594936709	0.0189873417722	0.00632911392405	0.0316455696203	0	0.0126582278481	0.626582278481	
0.0949367088608	0.0632911392405	0.0316455696203	0.0316455696203	0.0886075949367	0.00632911392405	0.00632911392405	0.0126582278481	0.00632911392405	0.00632911392405	0.651898734177	
0.0569620253165	0.0759493670886	0.0253164556962	0.0506329113924	0.0949367088608	0.0316455696203	0.0316455696203	0.00632911392405	0	0.0126582278481	0.613924050633	
0.0189873417722	0.0569620253165	0.0126582278481	0.0443037974684	0.0949367088608	0.0189873417722	0.0253164556962	0.0189873417722	0.00632911392405	0	0.70253164557	
0.0506329113924	0.0569620253165	0.0253164556962	0.0379746835443	0.0822784810127	0.0189873417722	0.00632911392405	0.0189873417722	0	0.00632911392405	0.696202531646	
0.0632911392405	0.0696202531646	0.0569620253165	0.0696202531646	0.0696202531646	0.0253164556962	0	0.0126582278481	0	0	0.632911392405	
0.0316455696203	0.0886075949367	0.0189873417722	0.0379746835443	0.0443037974684	0.0189873417722	0.0189873417722	0.0126582278481	0.0189873417722	0.0126582278481	0.696202531646	
0.0506329113924	0.0886075949367	0.0253164556962	0.0316455696203	0.0569620253165	0	0.0316455696203	0.0253164556962	0.0253164556962	0.00632911392405	0.658227848101	
0.0316455696203	0.0443037974684	0.0189873417722	0.0379746835443	0.126582278481	0.0253164556962	0.0189873417722	0.00632911392405	0.0189873417722	0	0.670886075949	
0.0569620253165	0.0949367088608	0.0253164556962	0.0126582278481	0.0822784810127	0.0189873417722	0.0126582278481	0.0189873417722	0.0189873417722	0.00632911392405	0.651898734177	
0.0443037974684	0.0632911392405	0.0506329113924	0.0379746835443	0.0759493670886	0.0316455696203	0.0189873417722	0.0189873417722	0.0189873417722	0.0189873417722	0.620253164557	
0.0632911392405	0.0569620253165	0.0506329113924	0.0253164556962	0.0886075949367	0.00632911392405	0.00632911392405	0.00632911392405	0	0.00632911392405	0.689873417722	
0.0379746835443	0.0443037974684	0.0189873417722	0.0506329113924	0.0506329113924	0	0.0189873417722	0.00632911392405	0.0189873417722	0	0.753164556962	
0.0696202531646	0.0759493670886	0.0316455696203	0.0632911392405	0.0253164556962	0.00632911392405	0.0126582278481	0.0189873417722	0	0.0189873417722	0.677215189873	
0.0253164556962	0.0506329113924	0.0569620253165	0.0443037974684	0.0316455696203	0.00632911392405	0.0189873417722	0.0189873417722	0.00632911392405	0.0253164556962	0.715189873418	
0.0253164556962	0.0632911392405	0.0316455696203	0.0189873417722	0.0379746835443	0.00632911392405	0.0126582278481	0.0126582278481	0	0.00632911392405	0.784810126582	
0.0443037974684	0.0569620253165	0.0569620253165	0.0443037974684	0.0569620253165	0.0253164556962	0.0189873417722	0.0253164556962	0.0126582278481	0.0189873417722	0.639240506329	
0.0506329113924	0.0443037974684	0.0189873417722	0.0253164556962	0.0569620253165	0.00632911392405	0	0.0316455696203	0.00632911392405	0.0126582278481	0.746835443038	
0.0886075949367	0.0632911392405	0.0379746835443	0.0379746835443	0.0443037974684	0.0126582278481	0.00632911392405	0.0126582278481	0.00632911392405	0.00632911392405	0.683544303797	
0.0696202531646	0.0443037974684	0.0379746835443	0.0569620253165	0.0569620253165	0.0253164556962	0.0189873417722	0.0126582278481	0	0.0126582278481	0.664556962025	
0.0569620253165	0.0886075949367	0.0443037974684	0.0443037974684	0.0696202531646	0.0253164556962	0.0189873417722	0.0189873417722	0	0.0126582278481	0.620253164557	
0.0949367088608	0.0886075949367	0.0569620253165	0.0569620253165	0.0506329113924	0.0126582278481	0.0253164556962	0.0253164556962	0	0.0126582278481	0.575949367089	
0.0632911392405	0.0569620253165	0.0253164556962	0.0379746835443	0.101265822785	0.0316455696203	0.0189873417722	0.0126582278481	0.0253164556962	0.00632911392405	0.620253164557	
0.0379746835443	0.0632911392405	0.0253164556962	0.0379746835443	0.0379746835443	0.00632911392405	0.0253164556962	0.0189873417722	0.00632911392405	0	0.740506329114	
0.0443037974684	0.0696202531646	0.0443037974684	0.0569620253165	0.0632911392405	0.0379746835443	0.0126582278481	0.0126582278481	0.0189873417722	0.00632911392405	0.632911392405	
0.0632911392405	0.0569620253165	0.0189873417722	0.0443037974684	0.0569620253165	0.00632911392405	0.00632911392405	0.0189873417722	0.00632911392405	0	0.721518987342	
0.0443037974684	0.0886075949367	0.0253164556962	0.0379746835443	0.0506329113924	0.00632911392405	0.00632911392405	0.0189873417722	0	0.00632911392405	0.715189873418	
0.0696202531646	0.0696202531646	0.0696202531646	0.0316455696203	0.0379746835443	0.0126582278481	0.0126582278481	0.0126582278481	0	0.00632911392405	0.677215189873	
0.0569620253165	0.0822784810127	0.0316455696203	0.0379746835443	0.0759493670886	0	0.0189873417722	0.0126582278481	0.00632911392405	0.00632911392405	0.670886075949	
0.0696202531646	0.0506329113924	0.0443037974684	0.0189873417722	0.0886075949367	0.00632911392405	0.0126582278481	0.0126582278481	0	0.0189873417722	0.677215189873	
0.0506329113924	0.0949367088608	0.0253164556962	0.0379746835443	0.0443037974684	0.0189873417722	0.0126582278481	0	0.00632911392405	0.00632911392405	0.70253164557	
0.101265822785	0.0379746835443	0.0253164556962	0.0506329113924	0.0506329113924	0.0253164556962	0.00632911392405	0.0189873417722	0.0126582278481	0.00632911392405	0.664556962025	
0.0569620253165	0.0253164556962	0.0316455696203	0.0253164556962	0.0569620253165	0.0316455696203	0.0126582278481	0.0189873417722	0.0126582278481	0.0126582278481	0.715189873418	
0.0886075949367	0.0316455696203	0.0569620253165	0.0696202531646	0.0822784810127	0.0189873417722	0.00632911392405	0.0189873417722	0	0.00632911392405	0.620253164557	
0.0379746835443	0.0822784810127	0.0189873417722	0.0506329113924	0.0759493670886	0.0126582278481	0.0126582278481	0.0126582278481	0.0189873417722	0.00632911392405	0.670886075949	
0.0379746835443	0.0632911392405	0.0379746835443	0.0443037974684	0.0506329113924	0.0253164556962	0.0126582278481	0.0126582278481	0	0.00632911392405	0.708860759494	
0.0632911392405	0.0506329113924	0.0379746835443	0.0379746835443	0.0696202531646	0	0.0189873417722	0.0126582278481	0	0.0126582278481	0.696202531646	
0.0443037974684	0.0632911392405	0.0506329113924	0.0379746835443	0.0379746835443	0.0189873417722	0.0189873417722	0.0126582278481	0.00632911392405	0.0126582278481	0.696202531646	
0.0379746835443	0.0379746835443	0.0253164556962	0.0253164556962	0.0506329113924	0.00632911392405	0	0.0443037974684	0.0126582278481	0.0126582278481	0.746835443038	
0.0253164556962	0.0569620253165	0.0379746835443	0.0189873417722	0.0822784810127	0.0189873417722	0.0189873417722	0.0189873417722	0.0189873417722	0.00632911392405	0.696202531646	
0.0569620253165	0.120253164557	0.0379746835443	0.0316455696203	0.0569620253165	0.0126582278481	0.0189873417722	0.00632911392405	0.00632911392405	0	0.651898734177	
0.0189873417722	0.0506329113924	0.0379746835443	0.0379746835443	0.0759493670886	0.0253164556962	0.0253164556962	0.0379746835443	0.0126582278481	0.0126582278481	0.664556962025	
0.0759493670886	0.0696202531646	0.0379746835443	0.0506329113924	0.0632911392405	0.0316455696203	0.0126582278481	0.0126582278481	0	0	0.645569620253	
0.0759493670886	0.0506329113924	0.0379746835443	0.0253164556962	0.0696202531646	0	0.0253164556962	0.00632911392405	0	0.00632911392405	0.70253164557	
0.0632911392405	0.0379746835443	0.0379746835443	0.0379746835443	0.0696202531646	0.0316455696203	0.0316455696203	0.0126582278481	0.00632911392405	0.0126582278481	0.658227848101	
0.0316455696203	0.0822784810127	0.0506329113924	0.0443037974684	0.0379746835443	0.00632911392405	0.00632911392405	0.00632911392405	0	0	0.73417721519	
0.0696202531646	0.0569620253165	0.0379746835443	0.0379746835443	0.0379746835443	0.0126582278481	0.0189873417722	0	0.0126582278481	0	0.715189873418	
0.0443037974684	0.0696202531646	0.0126582278481	0.0379746835443	0.0443037974684	0.00632911392405	0.0189873417722	0.0189873417722	0	0	0.746835443038	
0.0506329113924	0.0696202531646	0.0189873417722	0.0506329113924	0.0569620253165	0.0189873417722	0.0126582278481	0.0253164556962	0	0.00632911392405	0.689873417722	
0.0632911392405	0.0632911392405	0.0189873417722	0.0253164556962	0.0569620253165	0.0126582278481	0.0126582278481	0.00632911392405	0.0126582278481	0	0.727848101266	
0.0379746835443	0.0759493670886	0.0189873417722	0.0126582278481	0.0759493670886	0.00632911392405	0.0316455696203	0.00632911392405	0	0.00632911392405	0.727848101266	
0.0443037974684	0.107594936709	0.0379746835443	0.0379746835443	0.0632911392405	0.0126582278481	0.00632911392405	0.00632911392405	0.00632911392405	0.00632911392405	0.670886075949	
0.0506329113924	0.0632911392405	0.0189873417722	0.0126582278481	0.0822784810127	0.0189873417722	0.0126582278481	0.0126582278481	0.00632911392405	0.0189873417722	0.70253164557	
0.0696202531646	0.0949367088608	0.0189873417722	0.0443037974684	0.0632911392405	0.00632911392405	0.0189873417722	0.0316455696203	0.0126582278481	0	0.639240506329	
0.0632911392405	0.0632911392405	0.0253164556962	0.0316455696203	0.0443037974684	0.00632911392405	0	0.0189873417722	0.00632911392405	0.00632911392405	0.73417721519	
0.0696202531646	0.0632911392405	0.0189873417722	0.0379746835443	0.0632911392405	0.0443037974684	0.0126582278481	0.00632911392405	0	0	0.683544303797	
0.0379746835443	0.0759493670886	0.0253164556962	0.0379746835443	0.0569620253165	0	0.0126582278481	0.0379746835443	0.0189873417722	0.00632911392405	0.689873417722	
0.0253164556962	0.0379746835443	0.0316455696203	0.0632911392405	0.0253164556962	0	0	0.0189873417722	0	0.00632911392405	0.791139240506	
0.0569620253165	0.0949367088608	0.0443037974684	0.0316455696203	0.0822784810127	0.00632911392405	0.00632911392405	0.0126582278481	0.0316455696203	0	0.632911392405	
0.0759493670886	0.0696202531646	0.0126582278481	0.0253164556962	0.0886075949367	0.0379746835443	0.00632911392405	0.00632911392405	0.0253164556962	0	0.651898734177	
0.0569620253165	0.0822784810127	0.0506329113924	0.0632911392405	0.0822784810127	0.00632911392405	0.0126582278481	0	0	0.0126582278481	0.632911392405	
0.0506329113924	0.0822784810127	0.0569620253165	0.0443037974684	0.0759493670886	0.0189873417722	0	0.0126582278481	0.0126582278481	0.0126582278481	0.632911392405	
0.0506329113924	0.0822784810127	0.0189873417722	0.0569620253165	0.120253164557	0.0126582278481	0.00632911392405	0.0316455696203	0.0126582278481	0	0.607594936709	
0.101265822785	0.0886075949367	0.0189873417722	0.0189873417722	0.0632911392405	0.0126582278481	0.0253164556962	0.0189873417722	0	0	0.651898734177	
0.0506329113924	0.0886075949367	0.0126582278481	0.0569620253165	0.0506329113924	0.0126582278481	0.0253164556962	0.0189873417722	0.00632911392405	0.00632911392405	0.670886075949	
0.0506329113924	0.0759493670886	0.0443037974684	0.0379746835443	0.0759493670886	0.00632911392405	0.0379746835443	0	0	0.00632911392405	0.664556962025	
0.0632911392405	0.0949367088608	0.0126582278481	0.0379746835443	0.0379746835443	0.0126582278481	0.0253164556962	0.0253164556962	0	0.00632911392405	0.683544303797	
0.0569620253165	0.0443037974684	0.0253164556962	0.0569620253165	0.0569620253165	0.0316455696203	0.00632911392405	0.0126582278481	0	0.00632911392405	0.70253164557	
0.0443037974684	0.0822784810127	0.0253164556962	0.00632911392405	0.0506329113924	0.00632911392405	0.0126582278481	0.0189873417722	0.00632911392405	0.0126582278481	0.73417721519	
0.0569620253165	0.0253164556962	0.0253164556962	0.0379746835443	0.0759493670886	0.00632911392405	0.0189873417722	0.00632911392405	0	0	0.746835443038	
0.0632911392405	0.0569620253165	0.0379746835443	0.0506329113924	0.0696202531646	0.0126582278481	0.0126582278481	0.00632911392405	0.0126582278481	0.0126582278481	0.664556962025	
0.0316455696203	0.0696202531646	0.0379746835443	0.0759493670886	0.0632911392405	0.0316455696203	0.0253164556962	0.0316455696203	0.0126582278481	0	0.620253164557	
0.0632911392405	0.0506329113924	0.0253164556962	0.0822784810127	0.0379746835443	0.0126582278481	0.00632911392405	0.0189873417722	0.0189873417722	0.00632911392405	0.677215189873	
0.0759493670886	0.0632911392405	0.0506329113924	0.0253164556962	0.0949367088608	0.0253164556962	0	0.00632911392405	0.00632911392405	0.0126582278481	0.639240506329	
0.0759493670886	0.0759493670886	0.0316455696203	0.0506329113924	0.0443037974684	0.0379746835443	0.00632911392405	0.0189873417722	0.00632911392405	0.00632911392405	0.645569620253	
0.0316455696203	0.0632911392405	0.00632911392405	0.00632911392405	0.0569620253165	0.0126582278481	0.0189873417722	0	0.0189873417722	0.00632911392405	0.778481012658	
0.0379746835443	0.0696202531646	0.0253164556962	0.0316455696203	0.0696202531646	0.0253164556962	0.0253164556962	0.00632911392405	0	0.00632911392405	0.70253164557	
0.0759493670886	0.0822784810127	0.0189873417722	0.0379746835443	0.0822784810127	0.00632911392405	0.0126582278481	0.0126582278481	0.0126582278481	0.0316455696203	0.626582278481	
0.0822784810127	0.0316455696203	0.0379746835443	0.0822784810127	0.0443037974684	0.0253164556962	0.0126582278481	0	0.00632911392405	0.00632911392405	0.670886075949	
0.0379746835443	0.0569620253165	0.0126582278481	0.0379746835443	0.0822784810127	0.0189873417722	0.00632911392405	0.00632911392405	0.00632911392405	0	0.73417721519	
0.0506329113924	0.0506329113924	0.00632911392405	0.0506329113924	0.0696202531646	0.0253164556962	0.0126582278481	0.0253164556962	0.00632911392405	0	0.70253164557	
0.0443037974684	0.0443037974684	0.0316455696203	0.0379746835443	0.0253164556962	0.0379746835443	0.0126582278481	0	0.0189873417722	0.0316455696203	0.715189873418	
0.0696202531646	0.0759493670886	0.0379746835443	0.0443037974684	0.0632911392405	0.0316455696203	0.0316455696203	0.0253164556962	0.0189873417722	0	0.601265822785	
0.0569620253165	0.0506329113924	0.0569620253165	0.0569620253165	0.0696202531646	0.00632911392405	0.0253164556962	0	0.0316455696203	0.0189873417722	0.626582278481	
0.0316455696203	0.0632911392405	0.0506329113924	0.0569620253165	0.107594936709	0.0253164556962	0.0126582278481	0.0316455696203	0.0126582278481	0.00632911392405	0.601265822785	
0.0632911392405	0.0632911392405	0.0253164556962	0.0506329113924	0.0443037974684	0.0189873417722	0.0189873417722	0.0126582278481	0	0.00632911392405	0.696202531646	
0.0822784810127	0.0886075949367	0.0126582278481	0.0253164556962	0.0632911392405	0.00632911392405	0	0.0316455696203	0.0126582278481	0	0.677215189873	
0.0443037974684	0.0569620253165	0.0316455696203	0.0506329113924	0.0569620253165	0.00632911392405	0.00632911392405	0.0189873417722	0.00632911392405	0.00632911392405	0.715189873418	
0.0569620253165	0.0569620253165	0.0189873417722	0.0506329113924	0.101265822785	0.0126582278481	0.0189873417722	0.00632911392405	0	0.00632911392405	0.670886075949	
0.0696202531646	0.0822784810127	0.0189873417722	0.0443037974684	0.0506329113924	0.00632911392405	0.0189873417722	0.00632911392405	0.0126582278481	0.0189873417722	0.670886075949	
0.0632911392405	0.0443037974684	0.0126582278481	0.0506329113924	0.0822784810127	0.0189873417722	0.0126582278481	0.0189873417722	0.0126582278481	0	0.683544303797	
0.0696202531646	0.00632911392405	0.0316455696203	0.0253164556962	0.0126582278481	0.0253164556962	0.00632911392405	0.0126582278481	0.00632911392405	0	0.803797468354	
0.00632911392405	0	0.0506329113924	0.0316455696203	0	0.00632911392405	0.00632911392405	0.0316455696203	0.0126582278481	0.00632911392405	0.848101265823	
0	0.0126582278481	0.0126582278481	0.0379746835443	0	0.0253164556962	0.0253164556962	0.0189873417722	0.0189873417722	0	0.848101265823	
0.00632911392405	0.0126582278481	0.0443037974684	0	0	0.0126582278481	0.0253164556962	0.0316455696203	0.00632911392405	0.0189873417722	0.841772151899	
0.00632911392405	0	0	0	0	0	0.0379746835443	0.0253164556962	0.00632911392405	0	0.924050632911	
0	0	0.00632911392405	0.00632911392405	0	0.00632911392405	0.0379746835443	0.0126582278481	0.0126582278481	0.0189873417722	0.898734177215	
0	0	0.00632911392405	0	0	0.00632911392405	0.0443037974684	0.0126582278481	0.00632911392405	0.00632911392405	0.917721518987	
0.0126582278481	0	0	0	0.00632911392405	0.0253164556962	0.0253164556962	0.0379746835443	0	0.0126582278481	0.879746835443	
0.0759493670886	0.0506329113924	0.0253164556962	0.0126582278481	0.0632911392405	0.0253164556962	0.00632911392405	0.0189873417722	0.00632911392405	0.0126582278481	0.70253164557	
0.0569620253165	0.0379746835443	0.0632911392405	0.0569620253165	0.0443037974684	0.0189873417722	0	0.0253164556962	0	0.00632911392405	0.689873417722	
0.0632911392405	0.0443037974684	0.0379746835443	0.0379746835443	0.0569620253165	0.0189873417722	0.0126582278481	0.0126582278481	0.0189873417722	0.0126582278481	0.683544303797	
0.0759493670886	0.0253164556962	0.0316455696203	0.0316455696203	0.0632911392405	0.0126582278481	0.0189873417722	0.00632911392405	0.0126582278481	0.0126582278481	0.708860759494	
0.0569620253165	0.0696202531646	0.0506329113924	0.0316455696203	0.0886075949367	0.00632911392405	0	0.0189873417722	0	0.00632911392405	0.670886075949	
0.0696202531646	0.0443037974684	0.0316455696203	0.0379746835443	0.0316455696203	0.0253164556962	0.0189873417722	0.00632911392405	0	0	0.73417721519	
0.0759493670886	0.0696202531646	0.0569620253165	0.0189873417722	0.0569620253165	0.0189873417722	0.0189873417722	0.0126582278481	0	0.0126582278481	0.658227848101	
0.0759493670886	0.0443037974684	0.0126582278481	0.0379746835443	0.0759493670886	0.0126582278481	0.0253164556962	0.00632911392405	0.00632911392405	0	0.70253164557	
0.0569620253165	0.0759493670886	0.0379746835443	0.0696202531646	0.0632911392405	0.00632911392405	0.0253164556962	0.0126582278481	0.0126582278481	0.00632911392405	0.632911392405	
0.0189873417722	0.113924050633	0.0316455696203	0.0316455696203	0.0759493670886	0.0189873417722	0.0126582278481	0.0126582278481	0	0.0253164556962	0.658227848101	
0.0253164556962	0.0569620253165	0.0506329113924	0.0443037974684	0.0822784810127	0	0.0189873417722	0.00632911392405	0.00632911392405	0	0.708860759494	
0.0632911392405	0.0696202531646	0.0189873417722	0.0316455696203	0.0759493670886	0.0379746835443	0.0189873417722	0.0126582278481	0.0189873417722	0.00632911392405	0.645569620253	
0.0443037974684	0.0569620253165	0.0126582278481	0.0253164556962	0.0696202531646	0.00632911392405	0	0.0379746835443	0.00632911392405	0	0.740506329114	
0.0506329113924	0.0886075949367	0.0253164556962	0.0316455696203	0.0822784810127	0.0253164556962	0.00632911392405	0.0253164556962	0	0	0.664556962025	
0.0696202531646	0.0759493670886	0.0189873417722	0.0443037974684	0.0506329113924	0.0253164556962	0.00632911392405	0.00632911392405	0.00632911392405	0	0.696202531646	
0.0253164556962	0.0949367088608	0.0379746835443	0.0506329113924	0.0443037974684	0.0126582278481	0.0189873417722	0.0316455696203	0.0189873417722	0.00632911392405	0.658227848101	
0.0443037974684	0.0189873417722	0.0696202531646	0.0632911392405	0.113924050633	0.0189873417722	0.00632911392405	0.0189873417722	0	0.00632911392405	0.639240506329	
0.0379746835443	0.0822784810127	0.0443037974684	0.0569620253165	0.0506329113924	0.0126582278481	0.0126582278481	0	0.0126582278481	0.0189873417722	0.670886075949	
0.0696202531646	0.0886075949367	0.0189873417722	0.0569620253165	0.101265822785	0.0189873417722	0.0253164556962	0	0.0126582278481	0.00632911392405	0.601265822785	
0.0443037974684	0.0443037974684	0.0569620253165	0.0189873417722	0.0632911392405	0.0126582278481	0.00632911392405	0.00632911392405	0.00632911392405	0.0126582278481	0.727848101266	
0.0506329113924	0.0316455696203	0.0443037974684	0.0759493670886	0.0506329113924	0.00632911392405	0.0126582278481	0	0	0	0.727848101266	
0.0886075949367	0.0569620253165	0.0443037974684	0.0443037974684	0.0759493670886	0.00632911392405	0.0126582278481	0.00632911392405	0.00632911392405	0.00632911392405	0.651898734177	
0.0569620253165	0.0949367088608	0.0316455696203	0.0696202531646	0.0696202531646	0.0316455696203	0.0126582278481	0	0.0126582278481	0.00632911392405	0.613924050633	
0.0822784810127	0.0759493670886	0.0569620253165	0.0759493670886	0.0506329113924	0.0126582278481	0.00632911392405	0.0126582278481	0.00632911392405	0.0126582278481	0.607594936709	
0.0759493670886	0.0316455696203	0.0189873417722	0.0443037974684	0.0759493670886	0.0126582278481	0.0126582278481	0.0253164556962	0.00632911392405	0.0126582278481	0.683544303797	
0.0379746835443	0.101265822785	0.0316455696203	0.0379746835443	0.0949367088608	0.00632911392405	0.00632911392405	0.0189873417722	0.00632911392405	0.00632911392405	0.651898734177	
0.0759493670886	0.0506329113924	0.0443037974684	0.0316455696203	0.0632911392405	0.0126582278481	0.0189873417722	0.00632911392405	0	0.00632911392405	0.689873417722	
0.0949367088608	0.0569620253165	0.0253164556962	0.0379746835443	0.0316455696203	0.0189873417722	0.00632911392405	0.0126582278481	0.0126582278481	0.0126582278481	0.689873417722	
0.0696202531646	0.0632911392405	0.0316455696203	0.0316455696203	0.0759493670886	0	0.0189873417722	0.0126582278481	0.00632911392405	0.0126582278481	0.677215189873	
0.0759493670886	0.0696202531646	0.0379746835443	0.0189873417722	0.0822784810127	0.00632911392405	0.00632911392405	0.0316455696203	0.00632911392405	0.00632911392405	0.658227848101	
0.0822784810127	0.0696202531646	0	0.0189873417722	0.0949367088608	0.0189873417722	0.00632911392405	0.0189873417722	0.00632911392405	0	0.683544303797	
0.0506329113924	0.0632911392405	0.00632911392405	0.0316455696203	0.0696202531646	0.0189873417722	0.0126582278481	0.00632911392405	0.0126582278481	0.00632911392405	0.721518987342	
0.0443037974684	0.0632911392405	0.0189873417722	0.0189873417722	0.0569620253165	0.0189873417722	0.0189873417722	0.0189873417722	0.0126582278481	0.0126582278481	0.715189873418	
0.0316455696203	0.0696202531646	0.0316455696203	0.0569620253165	0.0822784810127	0.0189873417722	0.0126582278481	0.0253164556962	0	0.00632911392405	0.664556962025	
0.0316455696203	0.0696202531646	0.0379746835443	0.0379746835443	0.0949367088608	0.0126582278481	0.0126582278481	0.0126582278481	0	0.0316455696203	0.658227848101	
0.0506329113924	0.0822784810127	0.0379746835443	0.0632911392405	0.0822784810127	0.0189873417722	0.00632911392405	0.00632911392405	0.00632911392405	0	0.645569620253	
0.0379746835443	0.101265822785	0.0379746835443	0.0253164556962	0.0569620253165	0.0253164556962	0.0189873417722	0.00632911392405	0.00632911392405	0.00632911392405	0.677215189873	
0.0506329113924	0.0569620253165	0.0316455696203	0.0443037974684	0.0379746835443	0.0379746835443	0.0316455696203	0.0253164556962	0.00632911392405	0.00632911392405	0.670886075949	
0.0443037974684	0.0506329113924	0.0253164556962	0.0443037974684	0.120253164557	0	0.0253164556962	0	0	0	0.689873417722	
0.0569620253165	0.0632911392405	0.0316455696203	0.0632911392405	0.0632911392405	0.0126582278481	0.0189873417722	0	0.00632911392405	0.0253164556962	0.658227848101	
0.0569620253165	0.0632911392405	0.0126582278481	0.0253164556962	0.0569620253165	0.00632911392405	0.0189873417722	0.0126582278481	0.00632911392405	0.00632911392405	0.73417721519	
0.0632911392405	0.0696202531646	0.0316455696203	0.0379746835443	0.0443037974684	0.0126582278481	0.0189873417722	0.0316455696203	0.0189873417722	0	0.670886075949	
0.101265822785	0.0822784810127	0.00632911392405	0.0316455696203	0.0949367088608	0.00632911392405	0.0189873417722	0.00632911392405	0.0126582278481	0	0.639240506329	
0.0569620253165	0.0506329113924	0.0253164556962	0.0189873417722	0.0696202531646	0.0126582278481	0.00632911392405	0.0189873417722	0	0	0.740506329114	
0.126582278481	0.0822784810127	0.0189873417722	0.0316455696203	0.0506329113924	0.0126582278481	0.0189873417722	0.0316455696203	0.0253164556962	0	0.601265822785	
0.0569620253165	0.0379746835443	0.0253164556962	0.0189873417722	0.0379746835443	0.0126582278481	0.0253164556962	0.0126582278481	0	0.0189873417722	0.753164556962	
0.0253164556962	0.0443037974684	0.0443037974684	0.0632911392405	0.0696202531646	0.00632911392405	0.00632911392405	0.0316455696203	0.0126582278481	0	0.696202531646	
0.101265822785	0.0569620253165	0.0632911392405	0.0316455696203	0.0822784810127	0.00632911392405	0.0189873417722	0	0	0.00632911392405	0.632911392405	
0.0506329113924	0.0506329113924	0.0696202531646	0.0506329113924	0.0759493670886	0.0189873417722	0.0316455696203	0.0126582278481	0.0189873417722	0.00632911392405	0.613924050633	
0.0379746835443	0.0506329113924	0.0126582278481	0.0253164556962	0.0632911392405	0.0253164556962	0.00632911392405	0.0189873417722	0.0126582278481	0.00632911392405	0.740506329114	
0.0443037974684	0.0316455696203	0.0126582278481	0.0316455696203	0.0886075949367	0.0126582278481	0.0126582278481	0.0126582278481	0.00632911392405	0.00632911392405	0.740506329114	
0.0632911392405	0.0822784810127	0.0443037974684	0.0316455696203	0.0632911392405	0.0126582278481	0.00632911392405	0	0	0.0126582278481	0.683544303797	
0.0443037974684	0.0949367088608	0.0253164556962	0.0253164556962	0.0632911392405	0.0126582278481	0.0126582278481	0.0126582278481	0	0.0126582278481	0.696202531646	
0.0696202531646	0.0569620253165	0.0189873417722	0.0126582278481	0.0696202531646	0.0253164556962	0.0126582278481	0.0189873417722	0.00632911392405	0	0.708860759494	
0.0569620253165	0.0379746835443	0.0316455696203	0.0506329113924	0.0696202531646	0.0506329113924	0.00632911392405	0.00632911392405	0.00632911392405	0.00632911392405	0.677215189873	
0.0632911392405	0.0886075949367	0.0253164556962	0.0379746835443	0.0506329113924	0.0189873417722	0.00632911392405	0.00632911392405	0.00632911392405	0.00632911392405	0.689873417722	
0.0569620253165	0.0696202531646	0.0316455696203	0.0316455696203	0.0506329113924	0.0126582278481	0.0126582278481	0.0189873417722	0.00632911392405	0.00632911392405	0.70253164557	
0.0759493670886	0.0379746835443	0.0126582278481	0.0379746835443	0.0949367088608	0.0126582278481	0.0189873417722	0.0126582278481	0	0.00632911392405	0.689873417722	
0.0949367088608	0.0696202531646	0.00632911392405	0.0443037974684	0.0696202531646	0	0.00632911392405	0.0126582278481	0.00632911392405	0.0126582278481	0.677215189873	
0.0379746835443	0.0822784810127	0.0506329113924	0.0443037974684	0.0759493670886	0.0189873417722	0.00632911392405	0.00632911392405	0.0189873417722	0.00632911392405	0.651898734177	
0.0506329113924	0.0632911392405	0.0189873417722	0.0506329113924	0.0379746835443	0.0316455696203	0.0126582278481	0.00632911392405	0	0.00632911392405	0.721518987342	
0.0632911392405	0.0759493670886	0.0443037974684	0.0632911392405	0.0316455696203	0.0253164556962	0.00632911392405	0.0189873417722	0.00632911392405	0.00632911392405	0.658227848101	
0.0443037974684	0.0759493670886	0.0189873417722	0.0189873417722	0.0759493670886	0.0189873417722	0.0126582278481	0.00632911392405	0	0.0126582278481	0.715189873418	
0.0443037974684	0.0443037974684	0.0443037974684	0.0379746835443	0.0316455696203	0.0189873417722	0.0189873417722	0.0126582278481	0.0189873417722	0.0126582278481	0.715189873418	
0.0506329113924	0.0696202531646	0.0253164556962	0.0632911392405	0.0569620253165	0.0126582278481	0.0189873417722	0.00632911392405	0.00632911392405	0.00632911392405	0.683544303797	
0.0632911392405	0.0569620253165	0.0189873417722	0.0443037974684	0.0696202531646	0.0316455696203	0.0126582278481	0.0253164556962	0.00632911392405	0.00632911392405	0.664556962025	
0.0379746835443	0.0506329113924	0.0189873417722	0.0253164556962	0.0443037974684	0.0189873417722	0.0126582278481	0	0.00632911392405	0.00632911392405	0.778481012658	
0.0379746835443	0.0759493670886	0.0443037974684	0.0632911392405	0.0632911392405	0.0379746835443	0.0253164556962	0.0126582278481	0	0.00632911392405	0.632911392405	
0.0822784810127	0.0949367088608	0.0189873417722	0.0759493670886	0.0949367088608	0.0189873417722	0.0189873417722	0.0189873417722	0.0189873417722	0	0.556962025316	
0.0506329113924	0.0379746835443	0.0316455696203	0.0632911392405	0.0379746835443	0.0189873417722	0.0253164556962	0.0316455696203	0.0126582278481	0.00632911392405	0.683544303797	
0.0696202531646	0.0632911392405	0.0379746835443	0.0316455696203	0.0759493670886	0.0189873417722	0.00632911392405	0.0253164556962	0	0.00632911392405	0.664556962025	
0.0886075949367	0.0443037974684	0.0253164556962	0.0632911392405	0.0506329113924	0.0253164556962	0.00632911392405	0.0126582278481	0.00632911392405	0.0126582278481	0.664556962025	
0.0253164556962	0.0886075949367	0.0379746835443	0.0632911392405	0.113924050633	0.0189873417722	0.00632911392405	0.0126582278481	0.00632911392405	0.00632911392405	0.620253164557	
0.0316455696203	0.0886075949367	0.0189873417722	0.0126582278481	0.0886075949367	0.00632911392405	0	0.0253164556962	0	0.0126582278481	0.715189873418	
0.0822784810127	0.0949367088608	0.0316455696203	0.0253164556962	0.0696202531646	0.00632911392405	0.0253164556962	0.0126582278481	0.0126582278481	0.00632911392405	0.632911392405	
0.0696202531646	0.0949367088608	0.0316455696203	0.0696202531646	0.0379746835443	0.0189873417722	0.0253164556962	0.0126582278481	0.00632911392405	0.00632911392405	0.626582278481	
0.0632911392405	0.0506329113924	0.0189873417722	0.0189873417722	0.0886075949367	0.0126582278481	0.00632911392405	0.00632911392405	0.00632911392405	0	0.727848101266	
0.0632911392405	0.0316455696203	0.0569620253165	0.0696202531646	0.0759493670886	0.0189873417722	0.0126582278481	0	0	0.00632911392405	0.664556962025	
0.0443037974684	0.0632911392405	0.0759493670886	0.0506329113924	0.0632911392405	0.0189873417722	0.00632911392405	0.0189873417722	0	0	0.658227848101	
0.0569620253165	0.0822784810127	0.0316455696203	0.0569620253165	0.0696202531646	0.00632911392405	0.00632911392405	0.0189873417722	0.00632911392405	0.0253164556962	0.639240506329	
0.0443037974684	0.0949367088608	0.0189873417722	0.0506329113924	0.0569620253165	0.0126582278481	0.0253164556962	0.0316455696203	0	0.00632911392405	0.658227848101	
0.0443037974684	0.0696202531646	0.0189873417722	0.0189873417722	0.0822784810127	0.0253164556962	0.0189873417722	0.0379746835443	0.0189873417722	0	0.664556962025	
0.0632911392405	0.0696202531646	0.0379746835443	0.0696202531646	0.0632911392405	0.00632911392405	0.00632911392405	0.0189873417722	0.0189873417722	0.00632911392405	0.639240506329	
0.0569620253165	0.0443037974684	0.0253164556962	0.0379746835443	0.0949367088608	0.0126582278481	0.0253164556962	0.00632911392405	0.00632911392405	0.0126582278481	0.677215189873	
0.0506329113924	0.0506329113924	0.0379746835443	0.0316455696203	0.0759493670886	0.00632911392405	0.00632911392405	0.0126582278481	0.00632911392405	0.0126582278481	0.708860759494	
0.0696202531646	0.0379746835443	0.0506329113924	0.0443037974684	0.0632911392405	0.00632911392405	0.0189873417722	0.0189873417722	0.00632911392405	0.0189873417722	0.664556962025	
0.0632911392405	0.0443037974684	0.0569620253165	0.0253164556962	0.0696202531646	0.0189873417722	0	0.0253164556962	0.00632911392405	0	0.689873417722	
0.0759493670886	0.0696202531646	0.0379746835443	0.0316455696203	0.0253164556962	0.00632911392405	0.0189873417722	0.0189873417722	0	0.00632911392405	0.708860759494	
0.0632911392405	0.0632911392405	0.0316455696203	0.0506329113924	0.0569620253165	0.0126582278481	0.0189873417722	0.0126582278481	0.00632911392405	0.0189873417722	0.664556962025	
0.0379746835443	0.0886075949367	0.0379746835443	0.0316455696203	0.0569620253165	0.00632911392405	0.0189873417722	0.0126582278481	0.0126582278481	0.0126582278481	0.683544303797	
0.0696202531646	0.0822784810127	0.0126582278481	0.0443037974684	0.0632911392405	0.0126582278481	0.0316455696203	0.0189873417722	0.00632911392405	0.00632911392405	0.651898734177	
0.0569620253165	0.0443037974684	0.0253164556962	0.0379746835443	0.0632911392405	0.00632911392405	0	0.0126582278481	0.0126582278481	0.0126582278481	0.727848101266	
0.0506329113924	0.0886075949367	0.0379746835443	0.00632911392405	0.113924050633	0.0253164556962	0.0189873417722	0.0126582278481	0	0.0126582278481	0.632911392405	
0.0443037974684	0.0696202531646	0.0126582278481	0.0316455696203	0.0759493670886	0.0189873417722	0.0189873417722	0.00632911392405	0.0126582278481	0	0.708860759494	
0.0379746835443	0.0253164556962	0.0253164556962	0.0126582278481	0.0632911392405	0.0379746835443	0	0.0126582278481	0	0.00632911392405	0.778481012658	
0.0506329113924	0.132911392405	0.0189873417722	0.0379746835443	0.0632911392405	0	0.00632911392405	0.0126582278481	0.0189873417722	0.00632911392405	0.651898734177	
0.0506329113924	0.0632911392405	0.0126582278481	0.0379746835443	0.0506329113924	0.0126582278481	0.0126582278481	0	0	0	0.759493670886	
0.0316455696203	0.0316455696203	0.0189873417722	0.0379746835443	0.0822784810127	0.0189873417722	0.00632911392405	0.0379746835443	0	0.00632911392405	0.727848101266	
0.0443037974684	0.0759493670886	0.0379746835443	0.0696202531646	0.0822784810127	0.00632911392405	0.0126582278481	0.00632911392405	0.00632911392405	0.0126582278481	0.645569620253	
0.0443037974684	0.0379746835443	0.0316455696203	0.0253164556962	0.0632911392405	0.0253164556962	0.0126582278481	0.0189873417722	0	0	0.740506329114	
0.0822784810127	0.0886075949367	0.0569620253165	0.00632911392405	0.0822784810127	0.00632911392405	0.0126582278481	0	0.0126582278481	0	0.651898734177	
0.0253164556962	0.0443037974684	0.0506329113924	0.0443037974684	0.0696202531646	0.00632911392405	0.00632911392405	0.0316455696203	0.0189873417722	0	0.70253164557	
0.0253164556962	0.0759493670886	0.00632911392405	0.0506329113924	0.0443037974684	0.0189873417722	0.00632911392405	0.0189873417722	0	0.0253164556962	0.727848101266	
0.0569620253165	0.0696202531646	0.0569620253165	0.0253164556962	0.0822784810127	0.0126582278481	0.00632911392405	0.0126582278481	0	0	0.677215189873	
0.0696202531646	0.158227848101	0.0126582278481	0.0443037974684	0.0949367088608	0.0379746835443	0	0.0126582278481	0.00632911392405	0	0.563291139241	
0.0759493670886	0.0569620253165	0.0126582278481	0.0443037974684	0.0759493670886	0.0253164556962	0.00632911392405	0.0316455696203	0.0189873417722	0	0.651898734177	
0.0759493670886	0.0506329113924	0.0189873417722	0.0506329113924	0.0443037974684	0.0126582278481	0.0253164556962	0.0126582278481	0.0126582278481	0	0.696202531646	
0.0379746835443	0.0759493670886	0.0379746835443	0.0443037974684	0.0569620253165	0.0126582278481	0.0189873417722	0	0.00632911392405	0	0.708860759494	
0.101265822785	0.107594936709	0.0126582278481	0.0316455696203	0.0443037974684	0.0253164556962	0.0126582278481	0.0126582278481	0	0.00632911392405	0.645569620253	
0.0316455696203	0.0886075949367	0.0379746835443	0.0379746835443	0.0759493670886	0.0189873417722	0	0.0126582278481	0	0.00632911392405	0.689873417722	
0.0569620253165	0.0822784810127	0.0379746835443	0.0379746835443	0.0886075949367	0.0126582278481	0.0126582278481	0.00632911392405	0.0126582278481	0.0126582278481	0.639240506329	
0.0696202531646	0.0696202531646	0.0316455696203	0.0569620253165	0.0443037974684	0.0189873417722	0.0189873417722	0.0126582278481	0	0	0.677215189873	
0.0379746835443	0.0253164556962	0.0379746835443	0.0379746835443	0.0569620253165	0.0253164556962	0.0126582278481	0.0253164556962	0.0126582278481	0.00632911392405	0.721518987342	
0.0443037974684	0.0949367088608	0.0443037974684	0.0253164556962	0.0443037974684	0.0316455696203	0.0189873417722	0.00632911392405	0.00632911392405	0	0.683544303797	
0.0759493670886	0.0696202531646	0.0316455696203	0.0379746835443	0.0443037974684	0.0189873417722	0.0189873417722	0.00632911392405	0	0.00632911392405	0.689873417722	
