0.0653266331658	0.0301507537688	0.035175879397	0.035175879397	0.035175879397	0.0452261306533	0.0251256281407	0.0100502512563	0	0.0100502512563	0.708542713568	
0.0653266331658	0.0201005025126	0.035175879397	0.0251256281407	0.0251256281407	0.0150753768844	0.00502512562814	0.00502512562814	0.00502512562814	0.00502512562814	0.793969849246	
0.0653266331658	0.0452261306533	0.0452261306533	0.035175879397	0.0150753768844	0.035175879397	0.0100502512563	0.00502512562814	0	0.00502512562814	0.738693467337	
0.0251256281407	0.0603015075377	0.0150753768844	0.035175879397	0.0452261306533	0.0301507537688	0.0150753768844	0.00502512562814	0.00502512562814	0.00502512562814	0.758793969849	
0.0402010050251	0.0603015075377	0.0301507537688	0.0653266331658	0.0201005025126	0.035175879397	0.0251256281407	0.00502512562814	0.0100502512563	0.0100502512563	0.698492462312	
0.0402010050251	0.0452261306533	0.0452261306533	0.0452261306533	0.0201005025126	0.0150753768844	0.0100502512563	0	0	0	0.778894472362	
0.0502512562814	0.0251256281407	0.0201005025126	0.0502512562814	0.0502512562814	0.0251256281407	0.0100502512563	0	0.00502512562814	0.00502512562814	0.758793969849	
0.0251256281407	0.0201005025126	0.0100502512563	0.0402010050251	0.0201005025126	0.0251256281407	0.00502512562814	0.0100502512563	0.00502512562814	0.0100502512563	0.829145728643	
0.0552763819095	0.0452261306533	0.0201005025126	0.0201005025126	0.0201005025126	0.0251256281407	0.035175879397	0	0.0150753768844	0.00502512562814	0.758793969849	
0.0402010050251	0.0402010050251	0.0402010050251	0.0452261306533	0.0301507537688	0.0452261306533	0.00502512562814	0.0150753768844	0	0.00502512562814	0.733668341709	
0.0552763819095	0.0301507537688	0.0301507537688	0.0150753768844	0.035175879397	0.0251256281407	0.0150753768844	0.0100502512563	0	0.00502512562814	0.778894472362	
0.0502512562814	0.0301507537688	0.0301507537688	0.0653266331658	0.0150753768844	0.0402010050251	0.0502512562814	0.00502512562814	0.0150753768844	0.00502512562814	0.693467336683	
0.0552763819095	0.0452261306533	0.0402010050251	0.0402010050251	0.035175879397	0.0150753768844	0.0301507537688	0.0100502512563	0.0100502512563	0.0150753768844	0.70351758794	
0.0502512562814	0.0452261306533	0.035175879397	0.0402010050251	0.00502512562814	0.0201005025126	0.0150753768844	0.0150753768844	0	0	0.773869346734	
0.0402010050251	0.0251256281407	0.0150753768844	0.0301507537688	0.035175879397	0.0301507537688	0.00502512562814	0.00502512562814	0.0100502512563	0.00502512562814	0.798994974874	
0.035175879397	0.0301507537688	0.0150753768844	0.0402010050251	0.0402010050251	0.0301507537688	0.0301507537688	0.00502512562814	0.0100502512563	0.0201005025126	0.743718592965	
0.0603015075377	0.0251256281407	0.0452261306533	0.0251256281407	0.0100502512563	0.035175879397	0.0251256281407	0.0201005025126	0.00502512562814	0.00502512562814	0.743718592965	
0.0603015075377	0.0201005025126	0.0452261306533	0.0150753768844	0.0251256281407	0.0201005025126	0.0100502512563	0.00502512562814	0.0150753768844	0.0100502512563	0.773869346734	
0.0402010050251	0.0251256281407	0.0150753768844	0.0201005025126	0.0251256281407	0.0452261306533	0.0251256281407	0	0.00502512562814	0.0100502512563	0.788944723618	
0.0402010050251	0.0402010050251	0.035175879397	0.035175879397	0.0301507537688	0.035175879397	0.0100502512563	0	0.0301507537688	0.00502512562814	0.738693467337	
0.0301507537688	0.0301507537688	0.0150753768844	0.0201005025126	0.0653266331658	0.0100502512563	0.0251256281407	0.0301507537688	0	0.00502512562814	0.768844221106	
0.0402010050251	0.035175879397	0.0301507537688	0.0452261306533	0.0150753768844	0.0150753768844	0.0150753768844	0	0.00502512562814	0	0.798994974874	
0.035175879397	0.0251256281407	0.0402010050251	0.0251256281407	0.0402010050251	0.00502512562814	0.0251256281407	0.0100502512563	0	0.0100502512563	0.78391959799	
0.0552763819095	0.0301507537688	0.0150753768844	0.0201005025126	0.0201005025126	0.0251256281407	0	0.0251256281407	0.00502512562814	0.00502512562814	0.798994974874	
0.0552763819095	0.0251256281407	0.035175879397	0.0402010050251	0.035175879397	0.0301507537688	0.0150753768844	0.00502512562814	0.00502512562814	0	0.753768844221	
0.0502512562814	0.0251256281407	0.0402010050251	0.0301507537688	0.0301507537688	0.0402010050251	0.0150753768844	0	0.0100502512563	0	0.758793969849	
0.0201005025126	0.035175879397	0.0251256281407	0.0402010050251	0.035175879397	0.0502512562814	0.0100502512563	0.00502512562814	0	0.0201005025126	0.758793969849	
0.0753768844221	0.0201005025126	0.0301507537688	0.0251256281407	0.00502512562814	0.0452261306533	0.0251256281407	0.0100502512563	0.0150753768844	0	0.748743718593	
0.0150753768844	0.0301507537688	0.0301507537688	0.035175879397	0.0201005025126	0.0201005025126	0.0301507537688	0.00502512562814	0.00502512562814	0.0100502512563	0.798994974874	
0.0301507537688	0.0201005025126	0.0301507537688	0.0201005025126	0.0150753768844	0.0502512562814	0.0301507537688	0.00502512562814	0.0100502512563	0.00502512562814	0.78391959799	
0.035175879397	0.0251256281407	0.0251256281407	0.0251256281407	0.035175879397	0.0502512562814	0.0201005025126	0.0100502512563	0.00502512562814	0	0.768844221106	
0.035175879397	0.0100502512563	0.00502512562814	0.0452261306533	0.0201005025126	0.035175879397	0.00502512562814	0.0100502512563	0.00502512562814	0.00502512562814	0.824120603015	
0.0251256281407	0.0150753768844	0.0402010050251	0.035175879397	0.0201005025126	0.0301507537688	0.0201005025126	0.00502512562814	0	0.0100502512563	0.798994974874	
0.0552763819095	0.0452261306533	0.0201005025126	0.0552763819095	0.0452261306533	0.0100502512563	0.0251256281407	0.0201005025126	0.0150753768844	0.00502512562814	0.70351758794	
0.035175879397	0.0452261306533	0.0502512562814	0.0301507537688	0.0150753768844	0.0201005025126	0.0100502512563	0.00502512562814	0.00502512562814	0	0.78391959799	
0.0301507537688	0.0452261306533	0.0251256281407	0.0603015075377	0.0150753768844	0.035175879397	0.0402010050251	0	0	0.00502512562814	0.743718592965	
0.0251256281407	0.0402010050251	0.0301507537688	0.00502512562814	0.0201005025126	0.035175879397	0.0100502512563	0.00502512562814	0.0100502512563	0.0150753768844	0.804020100503	
0.035175879397	0.0452261306533	0.035175879397	0.0402010050251	0.0452261306533	0.0201005025126	0.0150753768844	0	0.0100502512563	0.0150753768844	0.738693467337	
0.0100502512563	0.035175879397	0.0301507537688	0.0251256281407	0.0603015075377	0.0201005025126	0.0150753768844	0.00502512562814	0.00502512562814	0.00502512562814	0.788944723618	
0.0552763819095	0.035175879397	0.0301507537688	0.035175879397	0.0301507537688	0.0100502512563	0.00502512562814	0.00502512562814	0.0100502512563	0.00502512562814	0.778894472362	
0.035175879397	0.0150753768844	0.0402010050251	0.0251256281407	0.0150753768844	0.0402010050251	0.0150753768844	0.00502512562814	0.0150753768844	0.0150753768844	0.778894472362	
0.0552763819095	0.0150753768844	0.0502512562814	0.0402010050251	0.0402010050251	0.035175879397	0.0100502512563	0.0100502512563	0	0	0.743718592965	
0.0603015075377	0.0100502512563	0.035175879397	0.0251256281407	0.0251256281407	0.0301507537688	0.0150753768844	0.00502512562814	0	0.00502512562814	0.788944723618	
0.035175879397	0.0452261306533	0.0201005025126	0.035175879397	0.0150753768844	0.0201005025126	0.0100502512563	0.0100502512563	0.0100502512563	0.0150753768844	0.78391959799	
0.0603015075377	0.035175879397	0.0402010050251	0.0201005025126	0.0301507537688	0.035175879397	0.0150753768844	0.0100502512563	0.0100502512563	0.0150753768844	0.72864321608	
0.0301507537688	0.0552763819095	0.0502512562814	0.0452261306533	0.035175879397	0.0201005025126	0.00502512562814	0.00502512562814	0	0.0100502512563	0.743718592965	
0.0452261306533	0.0402010050251	0.0251256281407	0.0251256281407	0.0502512562814	0.0301507537688	0.00502512562814	0.0100502512563	0.0100502512563	0.00502512562814	0.753768844221	
0.0603015075377	0.0201005025126	0.035175879397	0.0301507537688	0.0100502512563	0.035175879397	0.0201005025126	0	0.00502512562814	0	0.78391959799	
0.0251256281407	0.0502512562814	0.0201005025126	0.0201005025126	0.0251256281407	0.0452261306533	0.00502512562814	0.0251256281407	0.0100502512563	0.00502512562814	0.768844221106	
0.0251256281407	0.0301507537688	0.0150753768844	0.0402010050251	0.0251256281407	0.0150753768844	0.0251256281407	0.00502512562814	0.0100502512563	0.0100502512563	0.798994974874	
0.0301507537688	0.0552763819095	0.0301507537688	0.0251256281407	0.0251256281407	0.00502512562814	0.0251256281407	0.0100502512563	0.0251256281407	0	0.768844221106	
0.0603015075377	0.070351758794	0.0301507537688	0.035175879397	0.0251256281407	0.0150753768844	0.0251256281407	0	0.00502512562814	0.0100502512563	0.723618090452	
0.0552763819095	0.0150753768844	0.0251256281407	0.0402010050251	0.0301507537688	0.0251256281407	0.00502512562814	0.0100502512563	0	0.0100502512563	0.78391959799	
0.0804020100503	0.0301507537688	0.035175879397	0.0402010050251	0.0201005025126	0.0201005025126	0	0.0100502512563	0.0201005025126	0.0100502512563	0.733668341709	
0.0402010050251	0.0251256281407	0.0653266331658	0.035175879397	0.0100502512563	0.0150753768844	0.0251256281407	0.00502512562814	0	0.0150753768844	0.763819095477	
0.0150753768844	0.0301507537688	0.0201005025126	0.0402010050251	0.0251256281407	0.0502512562814	0.0150753768844	0	0	0.00502512562814	0.798994974874	
0.0301507537688	0.0502512562814	0.0452261306533	0.0402010050251	0.0502512562814	0.0251256281407	0.0201005025126	0.00502512562814	0.0100502512563	0.00502512562814	0.718592964824	
0.035175879397	0.0251256281407	0.0251256281407	0.0150753768844	0.0251256281407	0.00502512562814	0.0251256281407	0.0100502512563	0.0100502512563	0.0150753768844	0.809045226131	
0.0452261306533	0.0452261306533	0.0402010050251	0.035175879397	0.0100502512563	0.0452261306533	0.0100502512563	0.00502512562814	0.0201005025126	0.00502512562814	0.738693467337	
0.035175879397	0.0402010050251	0.035175879397	0.0100502512563	0.0301507537688	0.0251256281407	0.0150753768844	0.0100502512563	0	0.00502512562814	0.793969849246	
0.0402010050251	0.0150753768844	0.035175879397	0.035175879397	0.0150753768844	0.035175879397	0.0251256281407	0.0100502512563	0	0.0150753768844	0.773869346734	
0.0502512562814	0.0201005025126	0.0452261306533	0.035175879397	0.0251256281407	0.0201005025126	0.0201005025126	0.0100502512563	0	0.00502512562814	0.768844221106	
0.0402010050251	0.0452261306533	0.0452261306533	0.0603015075377	0.0201005025126	0.0251256281407	0.0100502512563	0.0150753768844	0	0.0150753768844	0.723618090452	
0.0452261306533	0.0301507537688	0.0251256281407	0.0251256281407	0.0100502512563	0.0402010050251	0.0201005025126	0.00502512562814	0.00502512562814	0.0150753768844	0.778894472362	
0.0150753768844	0.0251256281407	0.0552763819095	0.0251256281407	0.0402010050251	0.0402010050251	0.00502512562814	0.0150753768844	0.00502512562814	0.0100502512563	0.763819095477	
0.00502512562814	0.0301507537688	0.0452261306533	0.0452261306533	0.0552763819095	0.0402010050251	0.0100502512563	0	0.00502512562814	0.00502512562814	0.758793969849	
0.0552763819095	0.0301507537688	0.0251256281407	0.0150753768844	0.0301507537688	0.0251256281407	0.0150753768844	0	0.0150753768844	0.0100502512563	0.778894472362	
0.0402010050251	0.035175879397	0.0502512562814	0.0150753768844	0.0251256281407	0.0150753768844	0.00502512562814	0.0100502512563	0	0	0.804020100503	
0.0502512562814	0.0251256281407	0.035175879397	0.035175879397	0.0402010050251	0.0402010050251	0.0201005025126	0.00502512562814	0.00502512562814	0	0.743718592965	
0.0150753768844	0.0201005025126	0.0402010050251	0.035175879397	0.0201005025126	0.035175879397	0.0251256281407	0.00502512562814	0.0100502512563	0	0.793969849246	
0.0402010050251	0.035175879397	0.0653266331658	0.0100502512563	0.0251256281407	0.0150753768844	0	0.00502512562814	0.0150753768844	0.00502512562814	0.78391959799	
0.0452261306533	0.0301507537688	0.0402010050251	0.0251256281407	0.0251256281407	0.0100502512563	0.0150753768844	0	0	0.00502512562814	0.804020100503	
0.0402010050251	0.0100502512563	0.0402010050251	0.0603015075377	0.035175879397	0.00502512562814	0.0201005025126	0	0.00502512562814	0.00502512562814	0.778894472362	
0.0653266331658	0.0301507537688	0.0100502512563	0.0251256281407	0.0301507537688	0.0402010050251	0.0251256281407	0.00502512562814	0	0.0100502512563	0.758793969849	
0.0301507537688	0.0150753768844	0.0150753768844	0.0301507537688	0.0402010050251	0.0100502512563	0.0150753768844	0.00502512562814	0.00502512562814	0	0.834170854271	
0.0502512562814	0.0150753768844	0.0251256281407	0.0150753768844	0.035175879397	0.0251256281407	0.0100502512563	0	0.0150753768844	0.00502512562814	0.804020100503	
0.0301507537688	0.0402010050251	0.0301507537688	0.0301507537688	0.0201005025126	0.0100502512563	0.0150753768844	0	0	0.00502512562814	0.819095477387	
0.0502512562814	0.035175879397	0.0502512562814	0.0402010050251	0.0402010050251	0.0301507537688	0.0251256281407	0.00502512562814	0.00502512562814	0	0.718592964824	
0.0502512562814	0.035175879397	0.0100502512563	0.0251256281407	0.035175879397	0.0100502512563	0.0251256281407	0.0100502512563	0.00502512562814	0.00502512562814	0.788944723618	
0.0452261306533	0.0452261306533	0.0452261306533	0.0402010050251	0.0251256281407	0.0100502512563	0.0201005025126	0.00502512562814	0.00502512562814	0.00502512562814	0.753768844221	
0.0301507537688	0.0603015075377	0.0502512562814	0.0502512562814	0.0301507537688	0.0100502512563	0.0201005025126	0.00502512562814	0.0100502512563	0.0251256281407	0.708542713568	
0.0251256281407	0.0251256281407	0.0301507537688	0.035175879397	0.0452261306533	0.0301507537688	0.0150753768844	0.035175879397	0.00502512562814	0.0150753768844	0.738693467337	
0.0552763819095	0.0251256281407	0.0402010050251	0.0251256281407	0.035175879397	0.0452261306533	0.0201005025126	0.00502512562814	0.0100502512563	0	0.738693467337	
0.0452261306533	0.0301507537688	0.0251256281407	0.0150753768844	0.0301507537688	0.0402010050251	0.0150753768844	0.0100502512563	0.0150753768844	0.0100502512563	0.763819095477	
0.0402010050251	0.035175879397	0.0301507537688	0.0301507537688	0.0251256281407	0.0251256281407	0.0251256281407	0.00502512562814	0	0.0150753768844	0.768844221106	
0.0251256281407	0.0201005025126	0.0452261306533	0.0201005025126	0.0251256281407	0.0251256281407	0.0201005025126	0.00502512562814	0.0100502512563	0	0.804020100503	
0.0452261306533	0.0402010050251	0.0251256281407	0.0150753768844	0.0552763819095	0.0301507537688	0.0150753768844	0	0.0100502512563	0	0.763819095477	
0.0402010050251	0.035175879397	0.035175879397	0.0251256281407	0.0402010050251	0.0251256281407	0.00502512562814	0	0	0.0150753768844	0.778894472362	
0.0603015075377	0.0150753768844	0.035175879397	0.0301507537688	0.0251256281407	0.0201005025126	0.00502512562814	0.00502512562814	0.00502512562814	0.00502512562814	0.793969849246	
0.0301507537688	0.0402010050251	0.0251256281407	0.035175879397	0.0452261306533	0.0452261306533	0.0201005025126	0.00502512562814	0.0100502512563	0.0100502512563	0.733668341709	
0.0301507537688	0.0201005025126	0.0301507537688	0.0201005025126	0.0150753768844	0.0150753768844	0.00502512562814	0	0	0.00502512562814	0.859296482412	
0.0251256281407	0.0251256281407	0.035175879397	0.0201005025126	0.0201005025126	0.035175879397	0.0201005025126	0	0.0201005025126	0.00502512562814	0.793969849246	
0.0251256281407	0.0100502512563	0.0201005025126	0.0402010050251	0.0201005025126	0.035175879397	0.0251256281407	0.0100502512563	0.00502512562814	0.0100502512563	0.798994974874	
0.0251256281407	0.0402010050251	0.0402010050251	0.0301507537688	0.0150753768844	0.0150753768844	0.0251256281407	0	0.00502512562814	0	0.804020100503	
0.035175879397	0.0452261306533	0.0201005025126	0.0251256281407	0.035175879397	0.0100502512563	0.0201005025126	0	0	0.00502512562814	0.804020100503	
0.0552763819095	0.0301507537688	0.0402010050251	0.0301507537688	0.0301507537688	0.0301507537688	0.0201005025126	0.0100502512563	0	0.0150753768844	0.738693467337	
0.0301507537688	0.0100502512563	0.0301507537688	0.0301507537688	0.0452261306533	0.0100502512563	0.0201005025126	0	0.00502512562814	0.00502512562814	0.814070351759	
0.0452261306533	0.0201005025126	0.035175879397	0.0552763819095	0.0150753768844	0.0150753768844	0.0402010050251	0.0150753768844	0.00502512562814	0	0.753768844221	
0.0402010050251	0.0653266331658	0.035175879397	0.0402010050251	0.0251256281407	0.0201005025126	0.0201005025126	0	0	0.0100502512563	0.743718592965	
0.0251256281407	0.0150753768844	0.0301507537688	0.0502512562814	0.0201005025126	0.0201005025126	0.00502512562814	0.0201005025126	0.0100502512563	0	0.804020100503	
0.035175879397	0.00502512562814	0.035175879397	0.070351758794	0.0201005025126	0.0251256281407	0.0201005025126	0.0251256281407	0.00502512562814	0.00502512562814	0.753768844221	
0.0402010050251	0.0552763819095	0.0402010050251	0.0201005025126	0.0201005025126	0.0301507537688	0.00502512562814	0	0	0.00502512562814	0.78391959799	
0.0251256281407	0.0502512562814	0.0301507537688	0.0452261306533	0.0100502512563	0.0251256281407	0.0100502512563	0.00502512562814	0.00502512562814	0.00502512562814	0.788944723618	
0.0452261306533	0.0150753768844	0.0150753768844	0.0402010050251	0.0251256281407	0.0402010050251	0.0100502512563	0.0100502512563	0	0.00502512562814	0.793969849246	
0.0502512562814	0.0201005025126	0.0251256281407	0.0301507537688	0.0201005025126	0.0251256281407	0.0100502512563	0.0100502512563	0.00502512562814	0	0.804020100503	
0.0402010050251	0.0201005025126	0.0402010050251	0.0150753768844	0.0100502512563	0.0301507537688	0.035175879397	0.0150753768844	0.00502512562814	0	0.788944723618	
0.0301507537688	0.0402010050251	0.0251256281407	0.0100502512563	0.0251256281407	0.035175879397	0.0150753768844	0.0100502512563	0.0100502512563	0.0150753768844	0.78391959799	
0.0653266331658	0.0552763819095	0.0201005025126	0.035175879397	0.035175879397	0.0150753768844	0.0201005025126	0.0100502512563	0.00502512562814	0.00502512562814	0.733668341709	
0.0251256281407	0.035175879397	0.0251256281407	0.0301507537688	0.0100502512563	0.0402010050251	0	0.0150753768844	0.00502512562814	0	0.814070351759	
0.0502512562814	0.0301507537688	0.0452261306533	0.0251256281407	0.035175879397	0.0552763819095	0.0100502512563	0.0100502512563	0.00502512562814	0	0.733668341709	
0.0452261306533	0.0402010050251	0.0452261306533	0.0301507537688	0.0100502512563	0.0552763819095	0.0201005025126	0	0.0100502512563	0.0100502512563	0.733668341709	
0.0150753768844	0.0402010050251	0.035175879397	0.0301507537688	0.0452261306533	0.0301507537688	0.0301507537688	0.00502512562814	0.0150753768844	0.00502512562814	0.748743718593	
0.0301507537688	0.035175879397	0.0552763819095	0.0150753768844	0.0150753768844	0.0301507537688	0.0100502512563	0.00502512562814	0	0.0100502512563	0.793969849246	
0.0150753768844	0.0301507537688	0.0301507537688	0.035175879397	0.0301507537688	0.0301507537688	0.0100502512563	0.00502512562814	0.0150753768844	0.0100502512563	0.788944723618	
0.0603015075377	0.0100502512563	0.0452261306533	0.0452261306533	0.0201005025126	0.0150753768844	0.0100502512563	0.00502512562814	0.0150753768844	0.0100502512563	0.763819095477	
0.0552763819095	0.0301507537688	0.00502512562814	0.0251256281407	0.0201005025126	0.0402010050251	0.0100502512563	0.0150753768844	0	0	0.798994974874	
0.0402010050251	0.0301507537688	0.0452261306533	0.035175879397	0.035175879397	0.0201005025126	0.00502512562814	0.0100502512563	0	0.0100502512563	0.768844221106	
0.0150753768844	0.0251256281407	0.0100502512563	0.0452261306533	0.0452261306533	0.0301507537688	0.0150753768844	0.00502512562814	0.00502512562814	0.00502512562814	0.798994974874	
0.035175879397	0.0301507537688	0.0251256281407	0.0150753768844	0.0251256281407	0.0150753768844	0.00502512562814	0.0100502512563	0	0.00502512562814	0.834170854271	
0.035175879397	0.035175879397	0.0100502512563	0.0251256281407	0.0301507537688	0.0301507537688	0.0150753768844	0.0150753768844	0	0.0100502512563	0.793969849246	
0.0251256281407	0.0201005025126	0.0452261306533	0.0301507537688	0.0201005025126	0.035175879397	0.0100502512563	0.00502512562814	0.0100502512563	0.0201005025126	0.778894472362	
0.0552763819095	0.0452261306533	0.0251256281407	0.0150753768844	0.0150753768844	0.0100502512563	0.0251256281407	0.00502512562814	0.0150753768844	0.00502512562814	0.78391959799	
0.0452261306533	0.0452261306533	0.035175879397	0.0502512562814	0.0100502512563	0.0150753768844	0.0251256281407	0.0201005025126	0.00502512562814	0.00502512562814	0.743718592965	
0	0.0452261306533	0.0150753768844	0.0251256281407	0.0301507537688	0.0301507537688	0.0150753768844	0	0.00502512562814	0	0.834170854271	
0	0.00502512562814	0.00502512562814	0	0.0100502512563	0.0251256281407	0.0201005025126	0	0.00502512562814	0.00502512562814	0.924623115578	
0	0	0.00502512562814	0	0.0150753768844	0.0552763819095	0.0201005025126	0.00502512562814	0.0100502512563	0.00502512562814	0.884422110553	
0.00502512562814	0	0	0	0.0201005025126	0.0502512562814	0.0100502512563	0.0150753768844	0.00502512562814	0.00502512562814	0.889447236181	
0.0100502512563	0	0	0	0.0251256281407	0.0201005025126	0.0100502512563	0	0.0150753768844	0	0.91959798995	
0.0402010050251	0.0150753768844	0.0502512562814	0.0251256281407	0.0100502512563	0.0150753768844	0.0301507537688	0	0.00502512562814	0	0.809045226131	
0.0452261306533	0.0301507537688	0.0402010050251	0.0201005025126	0.0251256281407	0.0452261306533	0.0251256281407	0	0	0.00502512562814	0.763819095477	
0.0452261306533	0.0402010050251	0.0603015075377	0.0251256281407	0.0301507537688	0.0251256281407	0.0150753768844	0.0150753768844	0.00502512562814	0.0100502512563	0.72864321608	
0.070351758794	0.0251256281407	0.0552763819095	0.0301507537688	0.035175879397	0.0301507537688	0.0100502512563	0.00502512562814	0	0.0100502512563	0.72864321608	
0.0603015075377	0.0301507537688	0.0301507537688	0.0251256281407	0.035175879397	0.0100502512563	0.0150753768844	0.0100502512563	0.00502512562814	0.0100502512563	0.768844221106	
0.0201005025126	0.0301507537688	0.0100502512563	0.0201005025126	0.0150753768844	0.0251256281407	0.00502512562814	0.00502512562814	0	0.0251256281407	0.844221105528	
0.0502512562814	0.035175879397	0.035175879397	0.0100502512563	0.0502512562814	0.0150753768844	0.0100502512563	0	0.00502512562814	0.0100502512563	0.778894472362	
0.0552763819095	0.0150753768844	0.0251256281407	0.0201005025126	0.0201005025126	0.0603015075377	0.00502512562814	0	0	0.00502512562814	0.793969849246	
0.0502512562814	0.0552763819095	0.0201005025126	0.0301507537688	0	0.0552763819095	0.0100502512563	0.0150753768844	0.00502512562814	0	0.758793969849	
0.0552763819095	0.035175879397	0.0452261306533	0.035175879397	0.0100502512563	0.0402010050251	0.0251256281407	0.0100502512563	0	0.00502512562814	0.738693467337	
0.0452261306533	0.0301507537688	0.0150753768844	0.0150753768844	0.0452261306533	0.0301507537688	0.0100502512563	0.0150753768844	0	0.00502512562814	0.788944723618	
0.035175879397	0.0251256281407	0.0402010050251	0.0502512562814	0.0150753768844	0.0502512562814	0.0201005025126	0.0100502512563	0	0.0150753768844	0.738693467337	
0.035175879397	0.0301507537688	0.0301507537688	0.0301507537688	0.0301507537688	0.0301507537688	0.00502512562814	0.0100502512563	0	0	0.798994974874	
0.0301507537688	0.0402010050251	0.0301507537688	0.0201005025126	0.0100502512563	0.0402010050251	0.0301507537688	0	0	0.0251256281407	0.773869346734	
0.035175879397	0.0201005025126	0.0402010050251	0.0301507537688	0.0301507537688	0.0150753768844	0.00502512562814	0.0150753768844	0	0	0.809045226131	
0.0452261306533	0.0301507537688	0.035175879397	0.0301507537688	0.0251256281407	0.035175879397	0.0301507537688	0	0.00502512562814	0	0.763819095477	
0.0552763819095	0.0452261306533	0.0402010050251	0.035175879397	0.0552763819095	0.0150753768844	0	0.0100502512563	0.0100502512563	0	0.733668341709	
0.0201005025126	0.0251256281407	0.0552763819095	0.0301507537688	0.0452261306533	0.0150753768844	0.0201005025126	0.0100502512563	0.00502512562814	0.0100502512563	0.763819095477	
0.0301507537688	0.0251256281407	0.0402010050251	0.0100502512563	0.0251256281407	0.0301507537688	0.0201005025126	0	0.0100502512563	0.0100502512563	0.798994974874	
0.0502512562814	0.0502512562814	0.0301507537688	0.0502512562814	0.035175879397	0.0502512562814	0.0100502512563	0.0100502512563	0.0150753768844	0.00502512562814	0.693467336683	
0.0251256281407	0.0603015075377	0.0201005025126	0.0552763819095	0.0201005025126	0.0301507537688	0.0150753768844	0.00502512562814	0.00502512562814	0.0100502512563	0.753768844221	
0.0251256281407	0.0452261306533	0.0201005025126	0.0301507537688	0.0201005025126	0.0402010050251	0.0251256281407	0.00502512562814	0.00502512562814	0.0100502512563	0.773869346734	
0.0150753768844	0.0301507537688	0.0402010050251	0.0301507537688	0.0201005025126	0.0251256281407	0.0150753768844	0	0	0.0150753768844	0.809045226131	
0.0552763819095	0.0251256281407	0.0301507537688	0.0301507537688	0.0301507537688	0.0301507537688	0.0150753768844	0.00502512562814	0	0.00502512562814	0.773869346734	
0.0452261306533	0.035175879397	0.0301507537688	0.0402010050251	0.0251256281407	0.0452261306533	0.0150753768844	0.0201005025126	0.0150753768844	0.0150753768844	0.713567839196	
0.0402010050251	0.0201005025126	0.0201005025126	0.0251256281407	0.0150753768844	0.0150753768844	0.0201005025126	0	0.00502512562814	0.0201005025126	0.819095477387	
0.0301507537688	0.0402010050251	0.0452261306533	0.0251256281407	0.0402010050251	0.0301507537688	0.0201005025126	0.0100502512563	0.00502512562814	0.00502512562814	0.748743718593	
0.0402010050251	0.0301507537688	0.0301507537688	0.0150753768844	0.0201005025126	0.0452261306533	0.0150753768844	0.00502512562814	0	0.00502512562814	0.793969849246	
0.070351758794	0.0251256281407	0.0150753768844	0.070351758794	0.0251256281407	0.0150753768844	0.0251256281407	0	0	0.0201005025126	0.733668341709	
0.0452261306533	0.0251256281407	0.0251256281407	0.035175879397	0.0251256281407	0.0201005025126	0.0301507537688	0.00502512562814	0.0100502512563	0.00502512562814	0.773869346734	
0.0452261306533	0.0301507537688	0.035175879397	0.0452261306533	0.0150753768844	0.0301507537688	0.00502512562814	0.0150753768844	0.00502512562814	0.0201005025126	0.753768844221	
0.0402010050251	0.0301507537688	0.0452261306533	0.0150753768844	0.0251256281407	0.0402010050251	0.00502512562814	0.0150753768844	0.00502512562814	0.00502512562814	0.773869346734	
0.035175879397	0.035175879397	0.0301507537688	0.0201005025126	0.0301507537688	0.0251256281407	0.0150753768844	0.0150753768844	0.00502512562814	0.0100502512563	0.778894472362	
0.0301507537688	0.0100502512563	0.0150753768844	0.00502512562814	0.0402010050251	0.0150753768844	0.0201005025126	0.0100502512563	0.0201005025126	0.00502512562814	0.829145728643	
0.0552763819095	0.00502512562814	0.035175879397	0.0251256281407	0.0201005025126	0.0301507537688	0.0150753768844	0.00502512562814	0.00502512562814	0.00502512562814	0.798994974874	
0.035175879397	0.0201005025126	0.035175879397	0.0502512562814	0.035175879397	0.0150753768844	0.0251256281407	0	0	0.0251256281407	0.758793969849	
0.0502512562814	0.035175879397	0.035175879397	0.035175879397	0.035175879397	0.0301507537688	0.0201005025126	0.0301507537688	0.00502512562814	0	0.723618090452	
0.0301507537688	0.0402010050251	0.0301507537688	0.0603015075377	0.0251256281407	0.0100502512563	0.0150753768844	0.00502512562814	0.0100502512563	0	0.773869346734	
0.035175879397	0.0251256281407	0.0301507537688	0.0301507537688	0.0251256281407	0.0402010050251	0.0150753768844	0.00502512562814	0	0.0100502512563	0.78391959799	
0.0301507537688	0.0452261306533	0.0301507537688	0.0452261306533	0.035175879397	0.0452261306533	0.0201005025126	0.00502512562814	0.00502512562814	0.00502512562814	0.733668341709	
0.0301507537688	0.0251256281407	0.0251256281407	0.0603015075377	0.0150753768844	0.0301507537688	0	0.00502512562814	0.00502512562814	0.00502512562814	0.798994974874	
0.0251256281407	0.0301507537688	0.0150753768844	0.0301507537688	0.0603015075377	0.0201005025126	0.0201005025126	0.0150753768844	0.00502512562814	0	0.778894472362	
0.0301507537688	0.035175879397	0.0402010050251	0.0201005025126	0.00502512562814	0.0201005025126	0.0150753768844	0.00502512562814	0.0251256281407	0.00502512562814	0.798994974874	
0.035175879397	0.0301507537688	0.035175879397	0.0301507537688	0.0201005025126	0.0201005025126	0.00502512562814	0.00502512562814	0	0	0.819095477387	
0.035175879397	0.0251256281407	0.035175879397	0.0301507537688	0.0452261306533	0.0201005025126	0.0201005025126	0.0201005025126	0.0100502512563	0.00502512562814	0.753768844221	
0.035175879397	0.0251256281407	0.0201005025126	0.0301507537688	0.0402010050251	0.0301507537688	0.0150753768844	0.00502512562814	0.00502512562814	0.0100502512563	0.78391959799	
0.0452261306533	0.035175879397	0.035175879397	0.0201005025126	0.0201005025126	0.0251256281407	0.0100502512563	0.00502512562814	0.0150753768844	0	0.788944723618	
0.0552763819095	0.035175879397	0.0251256281407	0.0402010050251	0.035175879397	0.0150753768844	0.0100502512563	0.0150753768844	0.0150753768844	0.00502512562814	0.748743718593	
0.0552763819095	0.0201005025126	0.0301507537688	0.0251256281407	0.0301507537688	0.0201005025126	0.0100502512563	0.00502512562814	0	0.00502512562814	0.798994974874	
0.0301507537688	0.0402010050251	0.035175879397	0.035175879397	0.0452261306533	0.035175879397	0.0201005025126	0.00502512562814	0.00502512562814	0.0150753768844	0.733668341709	
0.035175879397	0.0201005025126	0.0201005025126	0.0502512562814	0.0150753768844	0.0301507537688	0.00502512562814	0	0.00502512562814	0.00502512562814	0.814070351759	
0.0552763819095	0.0301507537688	0.0201005025126	0.0301507537688	0.0301507537688	0.0201005025126	0.0201005025126	0.0150753768844	0.0100502512563	0.0100502512563	0.758793969849	
0.0402010050251	0.0452261306533	0.0201005025126	0.0301507537688	0.0150753768844	0.035175879397	0.00502512562814	0.0100502512563	0.0150753768844	0	0.78391959799	
0.0753768844221	0.0452261306533	0.035175879397	0.0251256281407	0.00502512562814	0.0251256281407	0.0150753768844	0.00502512562814	0.00502512562814	0.0150753768844	0.748743718593	
0.0653266331658	0.035175879397	0.0251256281407	0.0251256281407	0.0301507537688	0.0402010050251	0.0201005025126	0	0.0100502512563	0.0100502512563	0.738693467337	
0.035175879397	0.0150753768844	0.0402010050251	0.0452261306533	0.0452261306533	0.0301507537688	0.0402010050251	0	0.00502512562814	0	0.743718592965	
0.0402010050251	0.0402010050251	0.035175879397	0.0251256281407	0.035175879397	0.0301507537688	0.00502512562814	0	0	0.0150753768844	0.773869346734	
0.035175879397	0.0251256281407	0.0150753768844	0.035175879397	0.0150753768844	0.0251256281407	0.0150753768844	0.0100502512563	0.0251256281407	0.0150753768844	0.78391959799	
0.035175879397	0.0603015075377	0.0201005025126	0.0402010050251	0.0150753768844	0.035175879397	0.00502512562814	0.00502512562814	0.0251256281407	0.0100502512563	0.748743718593	
0.035175879397	0.035175879397	0.035175879397	0.0301507537688	0.0301507537688	0.0251256281407	0	0.0201005025126	0	0.0150753768844	0.773869346734	
0.0653266331658	0.0251256281407	0.0251256281407	0.0251256281407	0.0603015075377	0.0552763819095	0.0150753768844	0.00502512562814	0.00502512562814	0	0.718592964824	
0.0402010050251	0.0201005025126	0.035175879397	0.0251256281407	0.0301507537688	0.035175879397	0.0100502512563	0.00502512562814	0.0100502512563	0.00502512562814	0.78391959799	
0.0301507537688	0.035175879397	0.0251256281407	0.0301507537688	0.0301507537688	0.0452261306533	0.0100502512563	0.0100502512563	0.00502512562814	0.0100502512563	0.768844221106	
0.0402010050251	0.0502512562814	0.0502512562814	0.0452261306533	0.0603015075377	0.0402010050251	0.0100502512563	0	0	0.0150753768844	0.688442211055	
0.0100502512563	0.0402010050251	0.0402010050251	0.0251256281407	0.0402010050251	0.0402010050251	0.0201005025126	0.00502512562814	0.00502512562814	0.0100502512563	0.763819095477	
0.035175879397	0.035175879397	0.0150753768844	0.0201005025126	0.0301507537688	0.0301507537688	0.0201005025126	0.0100502512563	0	0.0100502512563	0.793969849246	
0.035175879397	0.0251256281407	0.0452261306533	0.0301507537688	0.0201005025126	0.0100502512563	0.0100502512563	0.00502512562814	0.00502512562814	0.00502512562814	0.809045226131	
0.0402010050251	0.0251256281407	0.0201005025126	0.0301507537688	0.0201005025126	0.0301507537688	0.00502512562814	0.00502512562814	0.00502512562814	0.00502512562814	0.814070351759	
0.035175879397	0.0502512562814	0.0201005025126	0.0452261306533	0.0301507537688	0.035175879397	0.0150753768844	0	0	0.0150753768844	0.753768844221	
0.0653266331658	0.0251256281407	0.035175879397	0.0502512562814	0.0301507537688	0.0402010050251	0.00502512562814	0.0251256281407	0.00502512562814	0.00502512562814	0.713567839196	
0.0502512562814	0.035175879397	0.0552763819095	0.0603015075377	0.0251256281407	0.035175879397	0.0100502512563	0	0	0.00502512562814	0.723618090452	
0.0301507537688	0.035175879397	0.0251256281407	0.0201005025126	0.0402010050251	0.0502512562814	0.0150753768844	0.0100502512563	0	0	0.773869346734	
0.0502512562814	0.0251256281407	0.0201005025126	0.0100502512563	0.0301507537688	0.0301507537688	0.035175879397	0.0150753768844	0.00502512562814	0.0100502512563	0.768844221106	
0.0251256281407	0.0301507537688	0.0301507537688	0.0502512562814	0.0502512562814	0.0402010050251	0.0150753768844	0.0150753768844	0.00502512562814	0.0100502512563	0.72864321608	
0.0402010050251	0.0301507537688	0.0402010050251	0.035175879397	0.0301507537688	0.0251256281407	0.0301507537688	0.00502512562814	0.00502512562814	0.00502512562814	0.753768844221	
0.0552763819095	0.035175879397	0.035175879397	0.0502512562814	0.0301507537688	0.0251256281407	0.0100502512563	0.0100502512563	0.0100502512563	0	0.738693467337	
0.0603015075377	0.0251256281407	0.0502512562814	0.0301507537688	0.0402010050251	0.0201005025126	0.0150753768844	0	0.0100502512563	0.0251256281407	0.723618090452	
0.0452261306533	0.0201005025126	0.0251256281407	0.0452261306533	0.0251256281407	0.0201005025126	0.0201005025126	0.0100502512563	0	0.00502512562814	0.78391959799	
0.0402010050251	0.0150753768844	0.0502512562814	0.035175879397	0.0251256281407	0.0100502512563	0.0100502512563	0.0100502512563	0	0.00502512562814	0.798994974874	
0.0301507537688	0.0402010050251	0.0402010050251	0.0452261306533	0.0301507537688	0.0201005025126	0.0150753768844	0	0.00502512562814	0.0150753768844	0.758793969849	
0.0301507537688	0.0251256281407	0.0402010050251	0.035175879397	0.0402010050251	0.0150753768844	0.0150753768844	0.0100502512563	0	0.0150753768844	0.773869346734	
0.0100502512563	0.0251256281407	0.0603015075377	0.0452261306533	0.0100502512563	0.0150753768844	0.0150753768844	0.0100502512563	0	0.0100502512563	0.798994974874	
0.0251256281407	0.035175879397	0.0301507537688	0.0301507537688	0.0251256281407	0.0201005025126	0.0301507537688	0.00502512562814	0.0201005025126	0.0100502512563	0.768844221106	
0.0251256281407	0.035175879397	0.0301507537688	0.0201005025126	0.0251256281407	0.0301507537688	0.0100502512563	0	0.00502512562814	0	0.819095477387	
0.0552763819095	0.0251256281407	0.0301507537688	0.00502512562814	0.0251256281407	0.0402010050251	0.0251256281407	0.0201005025126	0.00502512562814	0.0150753768844	0.753768844221	
0.0452261306533	0.0603015075377	0.035175879397	0.0552763819095	0.0100502512563	0.0100502512563	0.0201005025126	0	0.00502512562814	0	0.758793969849	
0.0251256281407	0.0301507537688	0.0603015075377	0.0150753768844	0.0452261306533	0.0301507537688	0.035175879397	0.00502512562814	0	0.00502512562814	0.748743718593	
0.0603015075377	0.0201005025126	0.0301507537688	0.0301507537688	0.0201005025126	0.0251256281407	0.0100502512563	0.0100502512563	0.00502512562814	0	0.788944723618	
0.0552763819095	0.035175879397	0.0301507537688	0.0301507537688	0.0150753768844	0.0502512562814	0.0251256281407	0.00502512562814	0	0.0150753768844	0.738693467337	
0.0201005025126	0.0201005025126	0.0301507537688	0.0502512562814	0.0301507537688	0.0301507537688	0.0100502512563	0.0150753768844	0.00502512562814	0	0.788944723618	
0.0402010050251	0.0502512562814	0.0301507537688	0.0201005025126	0.035175879397	0.0452261306533	0.0100502512563	0.00502512562814	0	0.00502512562814	0.758793969849	
0.0452261306533	0.0301507537688	0.0552763819095	0.0251256281407	0.0251256281407	0.0150753768844	0.0100502512563	0	0.0100502512563	0	0.78391959799	
0.035175879397	0.0452261306533	0.035175879397	0.035175879397	0.0502512562814	0.035175879397	0.0251256281407	0.00502512562814	0.0100502512563	0.0100502512563	0.713567839196	
0.035175879397	0.0150753768844	0.0301507537688	0.0452261306533	0.0452261306533	0.0100502512563	0.0150753768844	0	0	0.00502512562814	0.798994974874	
0.0251256281407	0.0402010050251	0.035175879397	0.035175879397	0.035175879397	0.0301507537688	0.0201005025126	0.00502512562814	0.0150753768844	0	0.758793969849	
0.0150753768844	0.0552763819095	0.0402010050251	0.0251256281407	0.0150753768844	0.0301507537688	0.035175879397	0.0100502512563	0.00502512562814	0.0201005025126	0.748743718593	
0.0301507537688	0.0201005025126	0.0251256281407	0.0100502512563	0.0201005025126	0.0201005025126	0.0100502512563	0	0	0	0.86432160804	
0.0653266331658	0.035175879397	0.0402010050251	0.0150753768844	0.0201005025126	0.0502512562814	0.0150753768844	0.0100502512563	0	0.00502512562814	0.743718592965	
0.035175879397	0.035175879397	0.0251256281407	0.0251256281407	0.0251256281407	0.0150753768844	0.0301507537688	0.0150753768844	0.00502512562814	0.00502512562814	0.78391959799	
0.0452261306533	0.0150753768844	0.0251256281407	0.0201005025126	0.0301507537688	0.0251256281407	0.0251256281407	0.00502512562814	0	0	0.809045226131	
0.0301507537688	0.0201005025126	0.035175879397	0.0402010050251	0.0402010050251	0.035175879397	0.0301507537688	0.00502512562814	0	0.00502512562814	0.758793969849	
0.0150753768844	0	0.0100502512563	0.0100502512563	0.0502512562814	0.0201005025126	0	0.00502512562814	0.0100502512563	0.0100502512563	0.869346733668	
0.0603015075377	0.0301507537688	0.0603015075377	0.0100502512563	0.0452261306533	0.0201005025126	0.0100502512563	0	0.0100502512563	0.0100502512563	0.743718592965	
0.0502512562814	0.0251256281407	0.0100502512563	0.0603015075377	0.0201005025126	0.0251256281407	0.0201005025126	0.0201005025126	0.00502512562814	0.00502512562814	0.758793969849	
0.035175879397	0.0301507537688	0.0301507537688	0.0452261306533	0.0402010050251	0.0251256281407	0.00502512562814	0.00502512562814	0.0100502512563	0.00502512562814	0.768844221106	
0.0301507537688	0.0201005025126	0.0251256281407	0.0502512562814	0.0402010050251	0.0150753768844	0.0100502512563	0.00502512562814	0.00502512562814	0	0.798994974874	
0.0653266331658	0.0402010050251	0.035175879397	0.0251256281407	0.0100502512563	0.0251256281407	0.0201005025126	0.0150753768844	0.0100502512563	0.00502512562814	0.748743718593	
0.035175879397	0.0603015075377	0.0201005025126	0.0402010050251	0.0100502512563	0.0201005025126	0.0201005025126	0.00502512562814	0.00502512562814	0.0150753768844	0.768844221106	
0.0452261306533	0.0653266331658	0.0251256281407	0.0100502512563	0.0402010050251	0.0603015075377	0.0201005025126	0.00502512562814	0.00502512562814	0.0100502512563	0.713567839196	
0.0402010050251	0.035175879397	0.0502512562814	0.0251256281407	0.0502512562814	0.0201005025126	0.0150753768844	0.00502512562814	0	0.0100502512563	0.748743718593	
0.0603015075377	0.0402010050251	0.0402010050251	0.0402010050251	0.0251256281407	0.0502512562814	0.0100502512563	0.00502512562814	0	0.0150753768844	0.713567839196	
0.0452261306533	0.0301507537688	0.0301507537688	0.0552763819095	0.0502512562814	0.0201005025126	0	0.00502512562814	0.00502512562814	0.0100502512563	0.748743718593	
0.0552763819095	0.0201005025126	0.0251256281407	0.0251256281407	0.0301507537688	0.0201005025126	0.0301507537688	0.0100502512563	0.0100502512563	0.0100502512563	0.763819095477	
0.0552763819095	0.0452261306533	0.0402010050251	0.0201005025126	0.0301507537688	0.0402010050251	0	0	0	0.00502512562814	0.763819095477	
0.0301507537688	0.0201005025126	0.0150753768844	0.0251256281407	0.0502512562814	0.0150753768844	0.0150753768844	0.0100502512563	0	0	0.819095477387	
0.0301507537688	0.0251256281407	0.0402010050251	0.0452261306533	0.0100502512563	0.0251256281407	0.0251256281407	0	0	0.0100502512563	0.788944723618	
