0.0597609561753	0.0517928286853	0.0159362549801	0.0438247011952	0.0119521912351	0.0159362549801	0.00398406374502	0.0119521912351	0.00398406374502	0.0119521912351	0.768924302789	
0.0318725099602	0.0517928286853	0.0159362549801	0.0478087649402	0	0.0159362549801	0.00796812749004	0.0119521912351	0	0.0199203187251	0.796812749004	
0.0398406374502	0.0318725099602	0.00398406374502	0.0318725099602	0.0239043824701	0.0159362549801	0.0199203187251	0.00796812749004	0.00398406374502	0.00398406374502	0.816733067729	
0.0199203187251	0.0278884462151	0.00398406374502	0.0358565737052	0.00796812749004	0.0119521912351	0.0119521912351	0.0199203187251	0.00796812749004	0.00398406374502	0.848605577689	
0.0119521912351	0.0438247011952	0.0159362549801	0.0318725099602	0.0119521912351	0.0199203187251	0.0199203187251	0.00398406374502	0.00398406374502	0.00796812749004	0.828685258964	
0.0358565737052	0.0199203187251	0.0159362549801	0.0199203187251	0.00398406374502	0.00796812749004	0.00398406374502	0.00398406374502	0.00398406374502	0.0119521912351	0.872509960159	
0.0358565737052	0.0637450199203	0.00398406374502	0.0318725099602	0	0.0119521912351	0.00398406374502	0.00398406374502	0.00796812749004	0.00398406374502	0.832669322709	
0.0478087649402	0.0398406374502	0.0119521912351	0.0239043824701	0.0119521912351	0.0119521912351	0	0.00796812749004	0.00796812749004	0.00796812749004	0.828685258964	
0.0318725099602	0.0318725099602	0	0.0478087649402	0.00398406374502	0.00796812749004	0.00796812749004	0.00796812749004	0.00398406374502	0.0119521912351	0.844621513944	
0.0239043824701	0.0358565737052	0.0318725099602	0.0358565737052	0.0119521912351	0.00398406374502	0.0119521912351	0.0159362549801	0.00398406374502	0.0119521912351	0.812749003984	
0.0318725099602	0.0358565737052	0.0239043824701	0.0278884462151	0	0.0159362549801	0.00796812749004	0.0318725099602	0.00796812749004	0.00796812749004	0.808764940239	
0.0438247011952	0.0278884462151	0.0278884462151	0.0278884462151	0.00796812749004	0.0278884462151	0.00398406374502	0.00796812749004	0	0	0.824701195219	
0.0318725099602	0.0318725099602	0.0159362549801	0.0239043824701	0.00796812749004	0.0239043824701	0.0119521912351	0.00796812749004	0.00796812749004	0.0119521912351	0.824701195219	
0.0438247011952	0.0398406374502	0.00796812749004	0.0398406374502	0.00796812749004	0.00796812749004	0.00398406374502	0.0119521912351	0.0119521912351	0.00796812749004	0.816733067729	
0.0239043824701	0.0398406374502	0.0438247011952	0.0278884462151	0.00398406374502	0.00796812749004	0.0119521912351	0.0119521912351	0.0159362549801	0.00796812749004	0.804780876494	
0.0199203187251	0.0159362549801	0.00796812749004	0.0358565737052	0.00398406374502	0.0358565737052	0.00398406374502	0.00398406374502	0	0.00398406374502	0.868525896414	
0.0478087649402	0.0637450199203	0.00398406374502	0.0199203187251	0.00796812749004	0.0159362549801	0.00796812749004	0.0239043824701	0.00398406374502	0.0159362549801	0.788844621514	
0.0358565737052	0.0438247011952	0.0199203187251	0.0278884462151	0.00796812749004	0.00796812749004	0.00398406374502	0.00398406374502	0.0159362549801	0.00398406374502	0.828685258964	
0.0438247011952	0.0358565737052	0.0119521912351	0.0478087649402	0.00796812749004	0.0119521912351	0.00398406374502	0.00398406374502	0.0159362549801	0.00796812749004	0.808764940239	
0.0438247011952	0.0438247011952	0.0159362549801	0.0159362549801	0.0119521912351	0.0358565737052	0.0119521912351	0	0.00796812749004	0.0199203187251	0.792828685259	
0.0318725099602	0.0557768924303	0.00398406374502	0.0517928286853	0.0159362549801	0.00398406374502	0.00796812749004	0.00398406374502	0	0.0119521912351	0.812749003984	
0.0239043824701	0.0557768924303	0.00796812749004	0.0159362549801	0.0159362549801	0.00796812749004	0.0159362549801	0	0.00796812749004	0.00796812749004	0.840637450199	
0.0478087649402	0.0358565737052	0.0159362549801	0.0199203187251	0.0318725099602	0.0278884462151	0.00398406374502	0.00398406374502	0.00796812749004	0.0119521912351	0.792828685259	
0.0318725099602	0.0557768924303	0.0199203187251	0.0119521912351	0.0119521912351	0.0199203187251	0.0119521912351	0.0119521912351	0.00398406374502	0.00398406374502	0.816733067729	
0.0199203187251	0.0358565737052	0.0159362549801	0.0199203187251	0.0239043824701	0.0199203187251	0.00796812749004	0.0119521912351	0.00796812749004	0.0239043824701	0.812749003984	
0.0557768924303	0.0199203187251	0.0119521912351	0.0478087649402	0.0159362549801	0.0239043824701	0.00796812749004	0.00398406374502	0.00398406374502	0.00796812749004	0.800796812749	
0.0278884462151	0.0637450199203	0.0199203187251	0.0438247011952	0.00398406374502	0.0199203187251	0.0199203187251	0.0119521912351	0	0.0199203187251	0.768924302789	
0.0199203187251	0.0318725099602	0.0438247011952	0.0517928286853	0.00398406374502	0.0358565737052	0.0119521912351	0.00398406374502	0.00796812749004	0.0159362549801	0.772908366534	
0.0478087649402	0.0398406374502	0.0159362549801	0.0159362549801	0	0.0159362549801	0.00796812749004	0.00398406374502	0.00398406374502	0.00398406374502	0.844621513944	
0.0398406374502	0.0438247011952	0.0159362549801	0.0478087649402	0.00398406374502	0.0278884462151	0	0.00796812749004	0.00796812749004	0.00796812749004	0.796812749004	
0.0478087649402	0.0358565737052	0.00398406374502	0.0358565737052	0.00398406374502	0.0119521912351	0.00796812749004	0.0119521912351	0.00796812749004	0.00398406374502	0.828685258964	
0.0438247011952	0.0557768924303	0.0159362549801	0.0239043824701	0.00796812749004	0.0199203187251	0.00796812749004	0	0.0119521912351	0.0119521912351	0.800796812749	
0.0159362549801	0.0278884462151	0.0159362549801	0.0119521912351	0.0159362549801	0.0318725099602	0.0159362549801	0.00398406374502	0.00398406374502	0.00398406374502	0.852589641434	
0.0398406374502	0.0557768924303	0.0278884462151	0.0398406374502	0.0318725099602	0.0199203187251	0.00398406374502	0.00398406374502	0	0.00796812749004	0.768924302789	
0.0199203187251	0.0557768924303	0.0239043824701	0.0438247011952	0	0.00796812749004	0.0159362549801	0.0199203187251	0	0.00796812749004	0.804780876494	
0.0278884462151	0.0239043824701	0.00796812749004	0.0278884462151	0.0119521912351	0.0278884462151	0.0119521912351	0.0199203187251	0	0.00796812749004	0.832669322709	
0.0199203187251	0.0438247011952	0.0159362549801	0.0438247011952	0.0199203187251	0.0239043824701	0.00796812749004	0	0.0119521912351	0.00398406374502	0.808764940239	
0.0239043824701	0.0239043824701	0.0119521912351	0.00796812749004	0.00796812749004	0.0239043824701	0.00796812749004	0.00398406374502	0.00796812749004	0.00398406374502	0.876494023904	
0.0318725099602	0.0318725099602	0.0159362549801	0.0358565737052	0.00398406374502	0.0119521912351	0.00398406374502	0.0159362549801	0.00796812749004	0.00398406374502	0.836653386454	
0.0239043824701	0.0318725099602	0.0159362549801	0.0398406374502	0.0119521912351	0.0199203187251	0.00398406374502	0.0199203187251	0.00796812749004	0	0.824701195219	
0.0597609561753	0.0517928286853	0.0239043824701	0.0239043824701	0.0159362549801	0.0318725099602	0.00796812749004	0.00796812749004	0	0.0159362549801	0.760956175299	
0.0278884462151	0.0398406374502	0.00398406374502	0.0318725099602	0.00796812749004	0.0239043824701	0.00796812749004	0.00398406374502	0.00398406374502	0.00796812749004	0.840637450199	
0.0358565737052	0.0199203187251	0.0199203187251	0.0438247011952	0.0199203187251	0.00796812749004	0.00796812749004	0.00796812749004	0.00796812749004	0.00398406374502	0.824701195219	
0.0199203187251	0.0677290836653	0.0318725099602	0.0398406374502	0.0119521912351	0.0159362549801	0.00796812749004	0.00398406374502	0.00796812749004	0	0.792828685259	
0.0358565737052	0.0478087649402	0.0278884462151	0.0478087649402	0.00796812749004	0.0239043824701	0.00398406374502	0.00398406374502	0.00398406374502	0.0119521912351	0.784860557769	
0.0318725099602	0.0517928286853	0.0199203187251	0.0278884462151	0.00796812749004	0.0119521912351	0.0119521912351	0.00796812749004	0.00398406374502	0.00398406374502	0.820717131474	
0.0478087649402	0.0358565737052	0.0398406374502	0.0199203187251	0.0119521912351	0.0119521912351	0.00796812749004	0.0159362549801	0.00398406374502	0.0159362549801	0.788844621514	
0.0398406374502	0.0318725099602	0.0159362549801	0.0239043824701	0.00796812749004	0.0159362549801	0.0159362549801	0.0119521912351	0.00398406374502	0.0159362549801	0.816733067729	
0.0318725099602	0.0278884462151	0.0159362549801	0.0358565737052	0.0119521912351	0.0199203187251	0.00398406374502	0.0119521912351	0.00796812749004	0.00796812749004	0.824701195219	
0.0478087649402	0.0398406374502	0.00796812749004	0.0239043824701	0.0159362549801	0.0278884462151	0.00796812749004	0.00796812749004	0.00398406374502	0.00398406374502	0.812749003984	
0.0199203187251	0.0478087649402	0.0119521912351	0.0278884462151	0.0239043824701	0.0159362549801	0.0119521912351	0.00796812749004	0.00398406374502	0.00398406374502	0.824701195219	
0.0597609561753	0.0438247011952	0.00398406374502	0.0597609561753	0.00796812749004	0.0119521912351	0.0119521912351	0.0119521912351	0.0199203187251	0.00796812749004	0.760956175299	
0.0239043824701	0.0318725099602	0.0159362549801	0.00796812749004	0.0119521912351	0.0159362549801	0.00796812749004	0.0159362549801	0.00796812749004	0.00796812749004	0.852589641434	
0.0278884462151	0.0438247011952	0.0119521912351	0.0318725099602	0.0159362549801	0.0159362549801	0.0119521912351	0.00398406374502	0.00398406374502	0.0159362549801	0.816733067729	
0.0318725099602	0.0557768924303	0.00398406374502	0.0239043824701	0.00398406374502	0.0239043824701	0.00398406374502	0.00398406374502	0.00398406374502	0.00796812749004	0.836653386454	
0.0239043824701	0.0358565737052	0.00796812749004	0.0159362549801	0.00796812749004	0.0199203187251	0.00796812749004	0.00398406374502	0.00796812749004	0.0119521912351	0.856573705179	
0.0318725099602	0.0438247011952	0.0199203187251	0.0438247011952	0.00796812749004	0.0239043824701	0.0159362549801	0.00796812749004	0	0.0119521912351	0.792828685259	
0.0318725099602	0.0517928286853	0.0278884462151	0.0239043824701	0.00796812749004	0.0159362549801	0.00796812749004	0.00796812749004	0.0119521912351	0.0199203187251	0.792828685259	
0.0438247011952	0.0478087649402	0.0199203187251	0.0278884462151	0.0159362549801	0.0159362549801	0.00398406374502	0	0.00398406374502	0.0199203187251	0.800796812749	
0.0278884462151	0.0438247011952	0.00796812749004	0.0438247011952	0.0119521912351	0.0318725099602	0.00398406374502	0.00398406374502	0.0119521912351	0.0159362549801	0.796812749004	
0.0159362549801	0.0398406374502	0.0119521912351	0.0318725099602	0.00398406374502	0.00796812749004	0.0119521912351	0.00796812749004	0.00398406374502	0.00398406374502	0.860557768924	
0.0239043824701	0.0478087649402	0.0199203187251	0.0199203187251	0	0.0119521912351	0.00398406374502	0.00796812749004	0.00796812749004	0	0.856573705179	
0.0278884462151	0.0398406374502	0.0278884462151	0.0278884462151	0.00796812749004	0	0.0119521912351	0.0119521912351	0.00796812749004	0.00796812749004	0.828685258964	
0.0438247011952	0.0597609561753	0.0159362549801	0.0478087649402	0.00398406374502	0	0	0.00398406374502	0.00796812749004	0.00398406374502	0.812749003984	
0.0438247011952	0.0517928286853	0.0199203187251	0.0159362549801	0.0159362549801	0.0159362549801	0	0	0	0.00796812749004	0.828685258964	
0.0438247011952	0.0557768924303	0.0278884462151	0.0438247011952	0.0159362549801	0.0199203187251	0.00398406374502	0	0.0119521912351	0.0119521912351	0.764940239044	
0.0318725099602	0.0398406374502	0.00796812749004	0.0278884462151	0.00398406374502	0.00796812749004	0.00796812749004	0.0119521912351	0.0199203187251	0.00796812749004	0.832669322709	
0.0199203187251	0.0318725099602	0.0199203187251	0.0478087649402	0.00398406374502	0.0159362549801	0.00796812749004	0.00398406374502	0.0159362549801	0.00796812749004	0.824701195219	
0.0119521912351	0.0239043824701	0.0199203187251	0.0398406374502	0.0239043824701	0.0119521912351	0.00796812749004	0.00398406374502	0.00796812749004	0.00398406374502	0.844621513944	
0.0239043824701	0.0239043824701	0.00398406374502	0.0358565737052	0.0119521912351	0.0278884462151	0.0159362549801	0.0119521912351	0.00796812749004	0	0.836653386454	
0.0318725099602	0.0318725099602	0.0159362549801	0.0239043824701	0.00796812749004	0.0239043824701	0.0119521912351	0.00398406374502	0.0159362549801	0.0119521912351	0.820717131474	
0.0398406374502	0.0438247011952	0.0119521912351	0.0318725099602	0.00398406374502	0.00796812749004	0.00398406374502	0	0.00398406374502	0.0119521912351	0.840637450199	
0.0318725099602	0.0398406374502	0.0199203187251	0.0199203187251	0.0119521912351	0.0119521912351	0.0159362549801	0.00796812749004	0.00398406374502	0.0119521912351	0.824701195219	
0.0278884462151	0.0318725099602	0.0278884462151	0.0358565737052	0.0119521912351	0.00796812749004	0.0159362549801	0.00796812749004	0.00796812749004	0.0119521912351	0.812749003984	
0.0358565737052	0.0438247011952	0.0159362549801	0.0199203187251	0.0199203187251	0.00398406374502	0	0.00398406374502	0.00796812749004	0.00398406374502	0.844621513944	
0.0358565737052	0.0478087649402	0.0159362549801	0.0159362549801	0.0199203187251	0	0.0119521912351	0	0.00398406374502	0	0.848605577689	
0.0278884462151	0.0358565737052	0.0199203187251	0.0278884462151	0.00796812749004	0.0119521912351	0.0119521912351	0.00398406374502	0	0.00796812749004	0.844621513944	
0.0119521912351	0.0358565737052	0.0159362549801	0.0199203187251	0.0119521912351	0.0239043824701	0.00796812749004	0	0	0.00796812749004	0.864541832669	
0.0278884462151	0.0557768924303	0.0119521912351	0.0278884462151	0.0119521912351	0.0159362549801	0.00398406374502	0.0119521912351	0.0119521912351	0.00398406374502	0.816733067729	
0.0318725099602	0.0478087649402	0.0119521912351	0.0478087649402	0.0119521912351	0.0119521912351	0.00398406374502	0	0.00398406374502	0	0.828685258964	
0.0318725099602	0.0398406374502	0.0159362549801	0.0239043824701	0.0199203187251	0.0239043824701	0.00398406374502	0.00796812749004	0.00398406374502	0.00398406374502	0.824701195219	
0.0278884462151	0.0278884462151	0.0239043824701	0.0358565737052	0.0119521912351	0.0358565737052	0	0.00796812749004	0	0.00398406374502	0.824701195219	
0.0278884462151	0.0199203187251	0.0199203187251	0.0358565737052	0	0.0119521912351	0	0.00398406374502	0.00398406374502	0.0119521912351	0.864541832669	
0.0159362549801	0.0318725099602	0.00796812749004	0.0358565737052	0.0159362549801	0.0199203187251	0.00398406374502	0	0.0119521912351	0.0119521912351	0.844621513944	
0.0438247011952	0.0159362549801	0.0278884462151	0.0159362549801	0.0159362549801	0.0159362549801	0	0.0119521912351	0.00398406374502	0	0.848605577689	
0.0159362549801	0.0637450199203	0.00796812749004	0.0318725099602	0.00796812749004	0.0119521912351	0.0119521912351	0	0.00398406374502	0.00398406374502	0.840637450199	
0.0438247011952	0.0597609561753	0.0239043824701	0.0358565737052	0	0.0199203187251	0.0119521912351	0.00398406374502	0.00796812749004	0.0119521912351	0.780876494024	
0.0159362549801	0.0239043824701	0.0159362549801	0.0398406374502	0	0.00398406374502	0.0159362549801	0	0.00398406374502	0	0.880478087649	
0.0318725099602	0.0637450199203	0.0239043824701	0.0398406374502	0.0119521912351	0.00796812749004	0	0.0199203187251	0.00398406374502	0.00796812749004	0.788844621514	
0.0358565737052	0.0239043824701	0.0119521912351	0.0239043824701	0.00796812749004	0.0159362549801	0.00398406374502	0.0119521912351	0.00796812749004	0.00398406374502	0.852589641434	
0.0239043824701	0.0199203187251	0.0199203187251	0.0517928286853	0.0119521912351	0.0119521912351	0.00796812749004	0.0119521912351	0	0.00398406374502	0.836653386454	
0.0438247011952	0.0119521912351	0.00796812749004	0.0517928286853	0.0119521912351	0.0199203187251	0.0159362549801	0.00796812749004	0.00398406374502	0.0119521912351	0.812749003984	
0.0278884462151	0.0478087649402	0.0199203187251	0.0159362549801	0.00796812749004	0.0199203187251	0.00398406374502	0.0159362549801	0	0.00796812749004	0.832669322709	
0.0478087649402	0.0517928286853	0.0199203187251	0.0318725099602	0	0.0159362549801	0.00398406374502	0.00398406374502	0.0119521912351	0.0119521912351	0.800796812749	
0.0398406374502	0.0438247011952	0.0398406374502	0.0278884462151	0.0119521912351	0.00796812749004	0.00398406374502	0.00796812749004	0	0.00796812749004	0.808764940239	
0.0438247011952	0.0358565737052	0.0119521912351	0.0199203187251	0.0199203187251	0.0199203187251	0.00398406374502	0.00398406374502	0.00398406374502	0	0.836653386454	
0.0318725099602	0.0438247011952	0.0278884462151	0.0119521912351	0.00398406374502	0.00398406374502	0.00796812749004	0.00398406374502	0.00796812749004	0.00796812749004	0.848605577689	
0.0278884462151	0.0318725099602	0.0398406374502	0.0278884462151	0.0119521912351	0.0278884462151	0.00796812749004	0.00796812749004	0	0.00398406374502	0.812749003984	
0.0239043824701	0.0358565737052	0.0119521912351	0.0159362549801	0.0119521912351	0.0199203187251	0.0159362549801	0.00398406374502	0.00796812749004	0	0.852589641434	
0.0318725099602	0.0278884462151	0.0278884462151	0.0199203187251	0.0159362549801	0.0199203187251	0.00398406374502	0.0159362549801	0.00398406374502	0.00796812749004	0.824701195219	
0.0358565737052	0.0438247011952	0.0358565737052	0.0199203187251	0.0119521912351	0.0119521912351	0.0159362549801	0.0119521912351	0.0159362549801	0.0159362549801	0.780876494024	
0.0119521912351	0.0478087649402	0.0119521912351	0.0398406374502	0.0119521912351	0.00796812749004	0.00796812749004	0.00796812749004	0.00398406374502	0.0119521912351	0.836653386454	
0.0278884462151	0.0358565737052	0.0278884462151	0.0318725099602	0.0159362549801	0.00796812749004	0	0.00398406374502	0	0.00796812749004	0.840637450199	
0.0119521912351	0.0398406374502	0.0159362549801	0.0318725099602	0.00796812749004	0.00796812749004	0.0159362549801	0.0199203187251	0.00398406374502	0.00398406374502	0.840637450199	
0.0358565737052	0.0119521912351	0.0159362549801	0.0199203187251	0	0	0.00398406374502	0.00796812749004	0.00398406374502	0.00796812749004	0.892430278884	
0.0358565737052	0.0517928286853	0.00796812749004	0.0358565737052	0.0159362549801	0.00796812749004	0.00796812749004	0	0.00796812749004	0.00796812749004	0.820717131474	
0.0278884462151	0.0517928286853	0.0119521912351	0.0119521912351	0.00398406374502	0.0119521912351	0.00398406374502	0	0.00796812749004	0.00398406374502	0.864541832669	
0.0318725099602	0.0478087649402	0.0119521912351	0.0239043824701	0.00398406374502	0.00796812749004	0.00796812749004	0.00796812749004	0	0.00398406374502	0.852589641434	
0.0318725099602	0.0557768924303	0.00796812749004	0.0318725099602	0.00398406374502	0.0159362549801	0.0159362549801	0.0159362549801	0.00796812749004	0.00398406374502	0.808764940239	
0.0278884462151	0.0438247011952	0.0159362549801	0.0199203187251	0.00796812749004	0.0119521912351	0.00796812749004	0.0119521912351	0.00398406374502	0.00796812749004	0.840637450199	
0.0239043824701	0.0597609561753	0.0159362549801	0.0438247011952	0.0199203187251	0.0199203187251	0	0	0.00796812749004	0.00398406374502	0.804780876494	
0.0239043824701	0.0318725099602	0.0199203187251	0.0438247011952	0.0119521912351	0.0119521912351	0.00796812749004	0.0199203187251	0	0	0.828685258964	
0.0438247011952	0.0478087649402	0.0119521912351	0.0278884462151	0.0159362549801	0.0159362549801	0.00796812749004	0.0159362549801	0	0.0159362549801	0.796812749004	
0.0278884462151	0.0318725099602	0.0159362549801	0.0517928286853	0.0119521912351	0.0199203187251	0.0119521912351	0	0.00796812749004	0.00796812749004	0.812749003984	
0.0318725099602	0.0358565737052	0.0119521912351	0.0597609561753	0.00796812749004	0.0239043824701	0.00796812749004	0.0119521912351	0.00398406374502	0.0119521912351	0.792828685259	
0.0278884462151	0.0677290836653	0.0159362549801	0.0438247011952	0.00398406374502	0.0159362549801	0.00398406374502	0.00398406374502	0.00398406374502	0.0119521912351	0.800796812749	
0.0398406374502	0.0557768924303	0.0318725099602	0.00796812749004	0.00398406374502	0.00796812749004	0	0	0.0119521912351	0	0.840637450199	
0.0517928286853	0.0597609561753	0.0119521912351	0.0318725099602	0.00398406374502	0.0318725099602	0.0119521912351	0.00796812749004	0.0119521912351	0.00398406374502	0.772908366534	
0.0278884462151	0.0318725099602	0.0199203187251	0.0358565737052	0	0.0119521912351	0.00398406374502	0.0119521912351	0.00398406374502	0.00398406374502	0.848605577689	
0.0318725099602	0.0318725099602	0.0199203187251	0.0199203187251	0.00398406374502	0.0159362549801	0.00796812749004	0.0119521912351	0.00796812749004	0.0239043824701	0.824701195219	
0.0239043824701	0.0438247011952	0.00796812749004	0.0239043824701	0.00398406374502	0.0199203187251	0.0159362549801	0	0.00796812749004	0.0119521912351	0.840637450199	
0.0637450199203	0.0318725099602	0.0119521912351	0.0278884462151	0.00398406374502	0.0278884462151	0.0159362549801	0.0239043824701	0.00398406374502	0	0.788844621514	
0.0119521912351	0.0278884462151	0.00796812749004	0.0557768924303	0.00796812749004	0.0159362549801	0.0119521912351	0.0199203187251	0.00398406374502	0	0.836653386454	
0.0119521912351	0	0.0119521912351	0.0199203187251	0.0119521912351	0.0239043824701	0.0159362549801	0.00796812749004	0.00398406374502	0.00796812749004	0.884462151394	
0	0	0.00796812749004	0.0318725099602	0.0199203187251	0.0119521912351	0.00796812749004	0.0119521912351	0.00398406374502	0.0119521912351	0.892430278884	
0	0	0.00796812749004	0.0278884462151	0.0159362549801	0.0159362549801	0.00398406374502	0.00796812749004	0.00796812749004	0.00796812749004	0.90438247012	
0	0	0.00398406374502	0.0318725099602	0.0318725099602	0.0199203187251	0.0119521912351	0.00398406374502	0.0119521912351	0.00796812749004	0.876494023904	
0.00796812749004	0	0.00796812749004	0.0597609561753	0.00796812749004	0.0199203187251	0.00796812749004	0.00796812749004	0	0.00796812749004	0.872509960159	
0.0318725099602	0.0358565737052	0.00796812749004	0.0199203187251	0.00796812749004	0.0239043824701	0.00398406374502	0.0119521912351	0.00398406374502	0.0159362549801	0.836653386454	
0.0438247011952	0.0278884462151	0.0239043824701	0.0278884462151	0.00398406374502	0.00796812749004	0.0199203187251	0.00398406374502	0	0.00796812749004	0.832669322709	
0.0438247011952	0.0199203187251	0	0.0199203187251	0.00398406374502	0.00796812749004	0.00398406374502	0.00796812749004	0.00398406374502	0.0159362549801	0.872509960159	
0.0517928286853	0.0438247011952	0.0119521912351	0.0478087649402	0.00398406374502	0.0199203187251	0	0.00398406374502	0.00398406374502	0.0159362549801	0.796812749004	
0.0318725099602	0.0517928286853	0.0278884462151	0.0159362549801	0.00796812749004	0.00796812749004	0.00796812749004	0.0159362549801	0.0159362549801	0.0119521912351	0.804780876494	
0.0318725099602	0.0517928286853	0.0239043824701	0.0517928286853	0.00398406374502	0.0239043824701	0.00796812749004	0.00796812749004	0.00398406374502	0.0159362549801	0.776892430279	
0.0278884462151	0.0358565737052	0.00796812749004	0.0478087649402	0	0.00796812749004	0.00398406374502	0.0119521912351	0	0	0.856573705179	
0.0278884462151	0.0517928286853	0.0199203187251	0.0836653386454	0.00796812749004	0.00796812749004	0.00398406374502	0.00796812749004	0.00398406374502	0.0119521912351	0.772908366534	
0.0318725099602	0.0438247011952	0.0159362549801	0.0358565737052	0.0159362549801	0.00796812749004	0.00398406374502	0.0159362549801	0	0.0159362549801	0.812749003984	
0.0398406374502	0.0478087649402	0.00796812749004	0.0438247011952	0.0159362549801	0.0239043824701	0.0119521912351	0.00796812749004	0.0119521912351	0.00796812749004	0.780876494024	
0.0517928286853	0.0358565737052	0	0.0199203187251	0.0159362549801	0.0159362549801	0.0119521912351	0.00398406374502	0	0.0159362549801	0.828685258964	
0.0398406374502	0.0557768924303	0.0119521912351	0.0318725099602	0	0.0199203187251	0.0119521912351	0.00796812749004	0.00398406374502	0.0159362549801	0.800796812749	
0.0159362549801	0.0358565737052	0.0199203187251	0.0438247011952	0.00796812749004	0.00796812749004	0.0119521912351	0.00398406374502	0.0119521912351	0.00398406374502	0.836653386454	
0.0159362549801	0.0597609561753	0.0159362549801	0.0278884462151	0	0.0119521912351	0.0119521912351	0.0159362549801	0.0159362549801	0.00796812749004	0.816733067729	
0.0278884462151	0.0239043824701	0.0119521912351	0.0318725099602	0.00398406374502	0.0199203187251	0.00796812749004	0.0119521912351	0.00398406374502	0.0119521912351	0.844621513944	
0.0318725099602	0.0438247011952	0.0199203187251	0.0199203187251	0.00398406374502	0.0239043824701	0.0119521912351	0.00398406374502	0.00796812749004	0	0.832669322709	
0.0239043824701	0.0478087649402	0.0199203187251	0.0159362549801	0.00398406374502	0.00398406374502	0.0159362549801	0.00398406374502	0.00796812749004	0.0119521912351	0.844621513944	
0.0517928286853	0.0278884462151	0	0.0358565737052	0.00796812749004	0.0119521912351	0.00796812749004	0.00398406374502	0.00796812749004	0	0.844621513944	
0.0478087649402	0.0239043824701	0.00796812749004	0.0438247011952	0.00398406374502	0.0119521912351	0.00796812749004	0.00398406374502	0.0119521912351	0.00796812749004	0.828685258964	
0.0199203187251	0.0239043824701	0.00796812749004	0.0398406374502	0.00796812749004	0.0239043824701	0.0119521912351	0.00796812749004	0.00796812749004	0.00398406374502	0.844621513944	
0.0239043824701	0.0478087649402	0.0119521912351	0.0478087649402	0	0.00398406374502	0.00796812749004	0.00796812749004	0	0.0119521912351	0.836653386454	
0.0318725099602	0.0239043824701	0.0278884462151	0.0159362549801	0.00796812749004	0.0478087649402	0.0119521912351	0	0.00796812749004	0.00398406374502	0.820717131474	
0.0199203187251	0.0398406374502	0.00398406374502	0.0358565737052	0	0.00796812749004	0.00796812749004	0.0119521912351	0.00398406374502	0.00398406374502	0.864541832669	
0.0239043824701	0.0318725099602	0.0159362549801	0.0318725099602	0.00796812749004	0.0159362549801	0.00796812749004	0.00398406374502	0.00796812749004	0.0199203187251	0.832669322709	
0.0318725099602	0.0637450199203	0.0398406374502	0.0239043824701	0.0199203187251	0.0398406374502	0.00398406374502	0.00796812749004	0.00796812749004	0.00796812749004	0.752988047809	
0.0159362549801	0.0438247011952	0.0239043824701	0.0398406374502	0.00796812749004	0.0159362549801	0.00796812749004	0.00796812749004	0	0.0119521912351	0.824701195219	
0.0278884462151	0.0239043824701	0.0159362549801	0.0398406374502	0.0199203187251	0.0119521912351	0.00796812749004	0.00796812749004	0	0.00796812749004	0.836653386454	
0.0398406374502	0.0557768924303	0.0159362549801	0.0278884462151	0.00796812749004	0.0278884462151	0.0119521912351	0.00796812749004	0.0159362549801	0.0119521912351	0.776892430279	
0.0239043824701	0.00796812749004	0.0358565737052	0.0517928286853	0.00796812749004	0.0159362549801	0	0.00796812749004	0.00398406374502	0.00796812749004	0.836653386454	
0.0597609561753	0.0398406374502	0.0159362549801	0.0478087649402	0.00398406374502	0.0119521912351	0.0199203187251	0.00796812749004	0	0.0119521912351	0.780876494024	
0.0278884462151	0.0398406374502	0.00796812749004	0.0517928286853	0.0199203187251	0.0199203187251	0.00796812749004	0	0	0.00796812749004	0.816733067729	
0.0278884462151	0.0358565737052	0.0278884462151	0.0358565737052	0.0199203187251	0.0119521912351	0.00398406374502	0.0119521912351	0.00398406374502	0.0159362549801	0.804780876494	
0.0358565737052	0.0398406374502	0.00796812749004	0.0438247011952	0.0119521912351	0.00398406374502	0	0.00398406374502	0.00796812749004	0.00398406374502	0.840637450199	
0.0119521912351	0.0199203187251	0.0358565737052	0.0438247011952	0.00398406374502	0.0119521912351	0.00398406374502	0.0119521912351	0.00796812749004	0.0239043824701	0.824701195219	
0.0278884462151	0.0517928286853	0.0239043824701	0.0438247011952	0.00398406374502	0.0119521912351	0.0119521912351	0.0159362549801	0.00796812749004	0.00398406374502	0.796812749004	
0.0278884462151	0.0318725099602	0	0.0199203187251	0.0119521912351	0.00398406374502	0.0119521912351	0.00796812749004	0.0239043824701	0	0.860557768924	
0.0358565737052	0.0398406374502	0.0119521912351	0.0358565737052	0.00796812749004	0.00398406374502	0.0119521912351	0.00796812749004	0.00398406374502	0.00796812749004	0.832669322709	
0.0478087649402	0.0318725099602	0.0119521912351	0.0597609561753	0.0239043824701	0.00398406374502	0.00796812749004	0.0119521912351	0.0119521912351	0.00398406374502	0.784860557769	
0.0159362549801	0.0597609561753	0.00398406374502	0.0318725099602	0.00796812749004	0.00796812749004	0.00398406374502	0.00398406374502	0	0.0119521912351	0.852589641434	
0.0557768924303	0.0557768924303	0.0119521912351	0.0478087649402	0.0159362549801	0.0119521912351	0.00796812749004	0.00796812749004	0.00398406374502	0.00398406374502	0.776892430279	
0.0517928286853	0.0318725099602	0.0159362549801	0.0358565737052	0.00796812749004	0.0119521912351	0	0.00398406374502	0	0.00796812749004	0.832669322709	
0.0278884462151	0.0358565737052	0.0199203187251	0.0239043824701	0.00398406374502	0.0278884462151	0.0159362549801	0.00796812749004	0	0.00398406374502	0.832669322709	
0.0239043824701	0.0557768924303	0.00796812749004	0.0278884462151	0.00796812749004	0.0119521912351	0.00796812749004	0	0.00398406374502	0.00796812749004	0.844621513944	
0.0358565737052	0.0318725099602	0.0199203187251	0.0398406374502	0.00796812749004	0.0239043824701	0.00398406374502	0.00398406374502	0.00796812749004	0.00796812749004	0.816733067729	
0.0318725099602	0.0756972111554	0.0159362549801	0.0318725099602	0.0159362549801	0.0119521912351	0.0199203187251	0.0159362549801	0.0159362549801	0.0159362549801	0.749003984064	
0.0358565737052	0.0517928286853	0.0159362549801	0.0278884462151	0.00398406374502	0.0159362549801	0.00398406374502	0.0119521912351	0.00398406374502	0.0159362549801	0.812749003984	
0.0398406374502	0.0438247011952	0.0159362549801	0.0438247011952	0.0159362549801	0.0119521912351	0	0.0119521912351	0.00398406374502	0.00398406374502	0.808764940239	
0.0159362549801	0.0358565737052	0.0159362549801	0.0478087649402	0.00398406374502	0.0119521912351	0	0.0119521912351	0.0119521912351	0.00398406374502	0.840637450199	
0.0119521912351	0.0398406374502	0.0278884462151	0.0438247011952	0.00398406374502	0.0159362549801	0.00398406374502	0.00398406374502	0.00796812749004	0.00796812749004	0.832669322709	
0.00796812749004	0.0478087649402	0.0199203187251	0.0398406374502	0.00796812749004	0.0119521912351	0.00796812749004	0	0.00398406374502	0	0.852589641434	
0.0318725099602	0.0557768924303	0.0119521912351	0.0199203187251	0.00398406374502	0.00796812749004	0.0159362549801	0.00398406374502	0.0159362549801	0	0.832669322709	
0.0398406374502	0.0438247011952	0.0199203187251	0.0358565737052	0.00398406374502	0.0159362549801	0.00796812749004	0.0199203187251	0	0.00398406374502	0.808764940239	
0.0318725099602	0.0438247011952	0.0159362549801	0.0358565737052	0.0119521912351	0.00796812749004	0	0.0119521912351	0	0.00796812749004	0.832669322709	
0.0318725099602	0.0318725099602	0.00796812749004	0.0278884462151	0.0199203187251	0.0199203187251	0.0159362549801	0	0.0119521912351	0.00398406374502	0.828685258964	
0.0239043824701	0.0597609561753	0.0199203187251	0.0199203187251	0.0119521912351	0.0278884462151	0	0	0.00398406374502	0	0.832669322709	
0.0239043824701	0.0517928286853	0.00796812749004	0.0358565737052	0.00398406374502	0.0239043824701	0.0119521912351	0.0119521912351	0.00398406374502	0.00398406374502	0.820717131474	
0.0199203187251	0.0398406374502	0.0159362549801	0.0438247011952	0.0159362549801	0.0199203187251	0	0.0119521912351	0.00398406374502	0.0119521912351	0.816733067729	
0.0438247011952	0.0398406374502	0.0159362549801	0.0278884462151	0.00398406374502	0.0159362549801	0	0.0239043824701	0.00398406374502	0	0.824701195219	
0.0239043824701	0.0318725099602	0.0239043824701	0.0278884462151	0.0199203187251	0.0159362549801	0.0119521912351	0.0159362549801	0.00398406374502	0	0.824701195219	
0.0438247011952	0.0398406374502	0.0278884462151	0.0358565737052	0.0199203187251	0.0199203187251	0.00796812749004	0.00796812749004	0.00398406374502	0	0.792828685259	
0.0438247011952	0.0438247011952	0.00796812749004	0.0398406374502	0.00398406374502	0.00796812749004	0.00398406374502	0.0119521912351	0.00796812749004	0	0.828685258964	
0.0239043824701	0.0398406374502	0.0239043824701	0.0478087649402	0.00796812749004	0.0119521912351	0.00398406374502	0.00796812749004	0.00796812749004	0.0159362549801	0.808764940239	
0.0119521912351	0.0557768924303	0.0119521912351	0.0318725099602	0.00398406374502	0.00796812749004	0.00796812749004	0.00796812749004	0	0	0.860557768924	
0.0239043824701	0.0398406374502	0.0119521912351	0.0239043824701	0.00398406374502	0.00796812749004	0	0.0159362549801	0	0.00796812749004	0.864541832669	
0.0517928286853	0.0278884462151	0	0.0358565737052	0.00398406374502	0.0119521912351	0.00398406374502	0.0119521912351	0.00796812749004	0.00398406374502	0.840637450199	
0.0278884462151	0.0517928286853	0.0239043824701	0.0199203187251	0.0119521912351	0.00796812749004	0	0	0	0.0119521912351	0.844621513944	
0.0398406374502	0.0318725099602	0.0199203187251	0.0358565737052	0.00796812749004	0.0159362549801	0.00796812749004	0.0119521912351	0.0119521912351	0.00398406374502	0.812749003984	
0.0398406374502	0.0557768924303	0.0278884462151	0.0318725099602	0.0119521912351	0.0278884462151	0.0159362549801	0.00398406374502	0.00398406374502	0	0.780876494024	
0.0398406374502	0.0398406374502	0.0119521912351	0.0199203187251	0.00796812749004	0.0119521912351	0.0119521912351	0.00796812749004	0	0.00398406374502	0.844621513944	
0.0278884462151	0.0478087649402	0.00796812749004	0.0438247011952	0.00796812749004	0.0119521912351	0.0159362549801	0.00796812749004	0.00398406374502	0.00398406374502	0.820717131474	
0.0199203187251	0.0278884462151	0.0239043824701	0.0159362549801	0.00398406374502	0.0239043824701	0.00796812749004	0.0119521912351	0	0.0119521912351	0.852589641434	
0.0239043824701	0.0358565737052	0.0159362549801	0.0199203187251	0.00398406374502	0.0199203187251	0.00796812749004	0.00796812749004	0.00398406374502	0.0119521912351	0.848605577689	
0.0478087649402	0.0478087649402	0.00796812749004	0.0318725099602	0.00398406374502	0.0278884462151	0.00796812749004	0	0	0.00398406374502	0.820717131474	
0.00398406374502	0.0438247011952	0.0239043824701	0.0398406374502	0.0159362549801	0.00796812749004	0.00398406374502	0.00398406374502	0.00398406374502	0.0159362549801	0.836653386454	
0.0199203187251	0.0478087649402	0.0278884462151	0.0517928286853	0.0119521912351	0.0159362549801	0.0119521912351	0.0159362549801	0.00398406374502	0	0.792828685259	
0.0478087649402	0.0517928286853	0.00796812749004	0.0557768924303	0.0119521912351	0.0278884462151	0.00398406374502	0.00398406374502	0.00796812749004	0.00796812749004	0.772908366534	
0.0278884462151	0.0478087649402	0.0119521912351	0.0239043824701	0.00796812749004	0.0199203187251	0.00796812749004	0.00796812749004	0	0.00796812749004	0.836653386454	
0.0318725099602	0.0318725099602	0	0.0119521912351	0.0119521912351	0.0159362549801	0.00398406374502	0.0119521912351	0.0119521912351	0.0119521912351	0.856573705179	
0.0478087649402	0.0398406374502	0.00398406374502	0.0278884462151	0.00398406374502	0.0159362549801	0.00796812749004	0.0119521912351	0.00796812749004	0.0239043824701	0.808764940239	
0.0159362549801	0.0478087649402	0.00398406374502	0.0438247011952	0.00796812749004	0.0239043824701	0	0.0119521912351	0.00796812749004	0.0119521912351	0.824701195219	
0.0239043824701	0.00796812749004	0.0318725099602	0.0239043824701	0.00398406374502	0.00796812749004	0.00796812749004	0.00796812749004	0.00796812749004	0.00398406374502	0.872509960159	
0.0278884462151	0.0398406374502	0.0119521912351	0.0239043824701	0.0199203187251	0.0278884462151	0.00398406374502	0.00398406374502	0.00398406374502	0.00398406374502	0.832669322709	
0.0278884462151	0.0438247011952	0.0199203187251	0.0278884462151	0.00796812749004	0.0239043824701	0.00398406374502	0.0159362549801	0.0119521912351	0.0119521912351	0.804780876494	
0.0398406374502	0.0278884462151	0.0159362549801	0.0239043824701	0.00796812749004	0.0119521912351	0	0.00796812749004	0.0159362549801	0.00796812749004	0.840637450199	
0.0517928286853	0.0478087649402	0.0159362549801	0.0318725099602	0.0239043824701	0.00796812749004	0.0159362549801	0.00398406374502	0	0.00796812749004	0.792828685259	
0.0119521912351	0.0478087649402	0.00796812749004	0.0358565737052	0	0.0159362549801	0.00398406374502	0.0159362549801	0.00398406374502	0.00796812749004	0.848605577689	
0.0318725099602	0.0517928286853	0.0159362549801	0.0159362549801	0.0159362549801	0.00398406374502	0.00796812749004	0.00796812749004	0.00398406374502	0.00398406374502	0.840637450199	
0.0278884462151	0.0318725099602	0.0318725099602	0.0358565737052	0.00796812749004	0.0119521912351	0.00796812749004	0.00398406374502	0.00398406374502	0	0.836653386454	
0.0318725099602	0.0756972111554	0.0119521912351	0.00796812749004	0.0119521912351	0.00796812749004	0.0119521912351	0.00796812749004	0	0.00398406374502	0.828685258964	
0.0398406374502	0.0478087649402	0.0159362549801	0.0159362549801	0.00796812749004	0.00398406374502	0.00796812749004	0.00796812749004	0	0.0159362549801	0.836653386454	
0.0239043824701	0.0318725099602	0.0159362549801	0.0119521912351	0.0159362549801	0.0239043824701	0.0119521912351	0.0119521912351	0.0159362549801	0.0159362549801	0.820717131474	
0.0478087649402	0.0398406374502	0.0159362549801	0.0239043824701	0	0.0119521912351	0.00796812749004	0.0199203187251	0.00398406374502	0	0.828685258964	
0.0438247011952	0.0478087649402	0.0119521912351	0.0278884462151	0.00796812749004	0.00796812749004	0.00398406374502	0.00796812749004	0.00796812749004	0.0119521912351	0.820717131474	
0.0438247011952	0.0318725099602	0.0119521912351	0.0358565737052	0.00796812749004	0.0239043824701	0.00398406374502	0.00398406374502	0.00796812749004	0	0.828685258964	
0.0318725099602	0.0199203187251	0.0199203187251	0.0318725099602	0.0239043824701	0.0239043824701	0.00796812749004	0.0119521912351	0.0119521912351	0.0119521912351	0.804780876494	
0.0517928286853	0.0438247011952	0.00796812749004	0.0438247011952	0.0119521912351	0.00796812749004	0.00398406374502	0.00398406374502	0.00398406374502	0.0159362549801	0.804780876494	
0.0239043824701	0.0438247011952	0.00796812749004	0.0358565737052	0.0159362549801	0.00796812749004	0.00398406374502	0.00796812749004	0.0119521912351	0.00796812749004	0.832669322709	
0.0517928286853	0.0478087649402	0.00398406374502	0.0199203187251	0.00796812749004	0.00796812749004	0.0119521912351	0.00398406374502	0.00796812749004	0.0119521912351	0.824701195219	
0.0438247011952	0.0318725099602	0.0159362549801	0.0318725099602	0.0119521912351	0.0119521912351	0.00796812749004	0.00398406374502	0.00398406374502	0.00398406374502	0.832669322709	
0.0239043824701	0.0278884462151	0.0239043824701	0.0358565737052	0.0119521912351	0.0199203187251	0.00398406374502	0	0.0119521912351	0.00796812749004	0.832669322709	
0.0358565737052	0.0278884462151	0.0159362549801	0.0318725099602	0.0119521912351	0.0199203187251	0.00796812749004	0.0119521912351	0	0.0119521912351	0.824701195219	
0.0318725099602	0.0478087649402	0.00796812749004	0.0318725099602	0.0199203187251	0.0159362549801	0.0119521912351	0.00796812749004	0.0159362549801	0.00796812749004	0.800796812749	
0.0398406374502	0.0398406374502	0.0119521912351	0.0358565737052	0.00398406374502	0.0239043824701	0.00398406374502	0.0159362549801	0.00796812749004	0.00398406374502	0.812749003984	
0.0239043824701	0.0318725099602	0.0199203187251	0.0557768924303	0.00398406374502	0.0199203187251	0	0.00398406374502	0.00398406374502	0.00398406374502	0.832669322709	
0.0119521912351	0.0398406374502	0.00796812749004	0.0358565737052	0.0119521912351	0.00796812749004	0	0.00398406374502	0	0.0119521912351	0.868525896414	
0.0438247011952	0.0318725099602	0.00796812749004	0.0278884462151	0.00398406374502	0.0119521912351	0.00796812749004	0.00398406374502	0.0119521912351	0	0.848605577689	
0.0199203187251	0.0478087649402	0.00398406374502	0.0159362549801	0	0.0159362549801	0.00796812749004	0.00796812749004	0	0.0199203187251	0.860557768924	
0.0358565737052	0.0159362549801	0.00796812749004	0.0159362549801	0.0159362549801	0.0119521912351	0	0.0119521912351	0.00796812749004	0.0119521912351	0.864541832669	
0.0239043824701	0.0438247011952	0.0278884462151	0.0278884462151	0.0199203187251	0.00796812749004	0.0119521912351	0.00796812749004	0.0239043824701	0.00796812749004	0.796812749004	
