0.0290697674419	0.0290697674419	0.0232558139535	0.0523255813953	0.104651162791	0.0348837209302	0.0348837209302	0.0290697674419	0.00581395348837	0.0116279069767	0.645348837209	
0.0348837209302	0.0406976744186	0.0290697674419	0.0290697674419	0.0639534883721	0.104651162791	0.0290697674419	0.00581395348837	0	0	0.662790697674	
0.0348837209302	0.0174418604651	0.0232558139535	0.0406976744186	0.0697674418605	0.046511627907	0.00581395348837	0.00581395348837	0	0.0116279069767	0.744186046512	
0.0290697674419	0.0348837209302	0.0290697674419	0.0232558139535	0.0639534883721	0.0639534883721	0.0174418604651	0.0348837209302	0.00581395348837	0.0116279069767	0.686046511628	
0.0290697674419	0.0581395348837	0.0232558139535	0.0290697674419	0.0697674418605	0.0639534883721	0.0406976744186	0.0174418604651	0.0116279069767	0.00581395348837	0.651162790698	
0.0523255813953	0.0348837209302	0.0232558139535	0.046511627907	0.0581395348837	0.0697674418605	0.0406976744186	0.0290697674419	0.00581395348837	0	0.639534883721	
0.0581395348837	0.0406976744186	0.0290697674419	0.0348837209302	0.0872093023256	0.0581395348837	0.0406976744186	0.0116279069767	0	0	0.639534883721	
0.0406976744186	0.0232558139535	0.0116279069767	0.0348837209302	0.0348837209302	0.0872093023256	0.0406976744186	0.0348837209302	0.0174418604651	0.0116279069767	0.662790697674	
0.0523255813953	0.0406976744186	0.0406976744186	0.0523255813953	0.0581395348837	0.0988372093023	0.0232558139535	0.00581395348837	0.00581395348837	0.00581395348837	0.616279069767	
0.0348837209302	0.0290697674419	0.0406976744186	0.046511627907	0.0755813953488	0.0639534883721	0.00581395348837	0.0290697674419	0.0174418604651	0.0116279069767	0.645348837209	
0.0232558139535	0.0348837209302	0.0581395348837	0.0232558139535	0.0523255813953	0.104651162791	0.046511627907	0	0.0116279069767	0.00581395348837	0.639534883721	
0.0232558139535	0.0232558139535	0.0232558139535	0.0290697674419	0.0755813953488	0.0581395348837	0.0348837209302	0.0116279069767	0.0116279069767	0.0174418604651	0.691860465116	
0.0116279069767	0.0116279069767	0.0232558139535	0.0232558139535	0.0639534883721	0.0697674418605	0.0348837209302	0.0232558139535	0	0.0116279069767	0.726744186047	
0.0232558139535	0.0174418604651	0.0232558139535	0.0348837209302	0.0406976744186	0.0348837209302	0.0232558139535	0.0290697674419	0	0.00581395348837	0.767441860465	
0.0290697674419	0.046511627907	0.0406976744186	0.046511627907	0.046511627907	0.0406976744186	0.0290697674419	0.0174418604651	0.00581395348837	0.0116279069767	0.686046511628	
0.0523255813953	0.0348837209302	0.0174418604651	0.0406976744186	0.0639534883721	0.104651162791	0.0232558139535	0.0116279069767	0.0116279069767	0	0.639534883721	
0.0232558139535	0.0232558139535	0.0232558139535	0.0348837209302	0.046511627907	0.0639534883721	0.0232558139535	0.0116279069767	0	0	0.75	
0.0348837209302	0.0348837209302	0.0232558139535	0.0348837209302	0.0872093023256	0.046511627907	0.0174418604651	0.0232558139535	0	0	0.697674418605	
0.0406976744186	0.0290697674419	0.0174418604651	0.0290697674419	0.0581395348837	0.0639534883721	0.0290697674419	0.0174418604651	0	0.00581395348837	0.709302325581	
0.0813953488372	0.0232558139535	0.0523255813953	0.0406976744186	0.0697674418605	0.0348837209302	0	0.0116279069767	0.00581395348837	0	0.68023255814	
0.0348837209302	0.0406976744186	0.046511627907	0.0348837209302	0.093023255814	0.0697674418605	0.0348837209302	0.0174418604651	0.00581395348837	0	0.622093023256	
0.0348837209302	0.0523255813953	0.0348837209302	0.046511627907	0.0639534883721	0.116279069767	0.0348837209302	0.0232558139535	0	0	0.593023255814	
0.0406976744186	0.0523255813953	0.0639534883721	0.046511627907	0.0639534883721	0.0406976744186	0.0290697674419	0.00581395348837	0	0	0.656976744186	
0.0406976744186	0.0348837209302	0.0406976744186	0.0523255813953	0.0639534883721	0.0755813953488	0.0406976744186	0.046511627907	0.00581395348837	0	0.598837209302	
0.0581395348837	0.0581395348837	0.0348837209302	0.0348837209302	0.0755813953488	0.0639534883721	0.0523255813953	0.0116279069767	0	0.0116279069767	0.598837209302	
0.0348837209302	0.0174418604651	0.0232558139535	0.00581395348837	0.0755813953488	0.0755813953488	0.00581395348837	0.0232558139535	0.00581395348837	0.00581395348837	0.726744186047	
0.0290697674419	0.0348837209302	0.046511627907	0.0406976744186	0.0697674418605	0.0697674418605	0.0174418604651	0.0174418604651	0.0116279069767	0.00581395348837	0.656976744186	
0.0290697674419	0.0174418604651	0.0581395348837	0.0232558139535	0.0755813953488	0.046511627907	0.0290697674419	0.0116279069767	0.0232558139535	0.0116279069767	0.674418604651	
0.0116279069767	0.0232558139535	0.0174418604651	0.0581395348837	0.0406976744186	0.0581395348837	0.0348837209302	0.0232558139535	0	0	0.732558139535	
0.0348837209302	0.0232558139535	0.0232558139535	0.0348837209302	0.0581395348837	0.104651162791	0.0290697674419	0.0116279069767	0	0.0116279069767	0.668604651163	
0.0232558139535	0.0174418604651	0.0523255813953	0.0406976744186	0.0697674418605	0.046511627907	0.0232558139535	0.0406976744186	0.00581395348837	0.00581395348837	0.674418604651	
0.0406976744186	0.0523255813953	0.0348837209302	0.0174418604651	0.0697674418605	0.093023255814	0.0290697674419	0.0116279069767	0	0.0116279069767	0.639534883721	
0.0406976744186	0.0348837209302	0.0348837209302	0.0290697674419	0.0639534883721	0.0523255813953	0.0174418604651	0.046511627907	0.00581395348837	0	0.674418604651	
0.0406976744186	0.0406976744186	0.0348837209302	0.0174418604651	0.0755813953488	0.046511627907	0.0755813953488	0.0174418604651	0	0.00581395348837	0.645348837209	
0.0232558139535	0.0523255813953	0.0174418604651	0.0348837209302	0.046511627907	0.0581395348837	0.0406976744186	0.0174418604651	0.0116279069767	0	0.697674418605	
0.0348837209302	0.0174418604651	0.0290697674419	0.0290697674419	0.046511627907	0.0872093023256	0.0174418604651	0.0406976744186	0	0	0.697674418605	
0.0290697674419	0.0581395348837	0.0174418604651	0.0290697674419	0.0290697674419	0.0406976744186	0.0290697674419	0.0232558139535	0.00581395348837	0.0116279069767	0.726744186047	
0.0348837209302	0.046511627907	0.0639534883721	0.0348837209302	0.0755813953488	0.0697674418605	0.0348837209302	0.0290697674419	0	0.00581395348837	0.604651162791	
0.0290697674419	0.0232558139535	0.00581395348837	0.0406976744186	0.116279069767	0.0813953488372	0.0232558139535	0.0116279069767	0.00581395348837	0.0116279069767	0.651162790698	
0.0232558139535	0.0348837209302	0.0232558139535	0.0174418604651	0.093023255814	0.0639534883721	0.0174418604651	0.0232558139535	0	0.0116279069767	0.691860465116	
0.0290697674419	0.0232558139535	0.0174418604651	0.0174418604651	0.093023255814	0.046511627907	0.0290697674419	0.0174418604651	0.0116279069767	0.00581395348837	0.709302325581	
0.00581395348837	0.0581395348837	0.0290697674419	0.0290697674419	0.0813953488372	0.0872093023256	0.0116279069767	0.0348837209302	0.0116279069767	0	0.651162790698	
0.0174418604651	0.0406976744186	0.0697674418605	0.0581395348837	0.0639534883721	0.0523255813953	0.0348837209302	0.0232558139535	0.00581395348837	0	0.633720930233	
0.0116279069767	0.0174418604651	0.0406976744186	0.0406976744186	0.0523255813953	0.0523255813953	0.0174418604651	0.0232558139535	0.0116279069767	0.00581395348837	0.726744186047	
0.00581395348837	0.0232558139535	0.0348837209302	0.0290697674419	0.104651162791	0.0523255813953	0.0406976744186	0.046511627907	0.0174418604651	0.0116279069767	0.633720930233	
0.0406976744186	0.0348837209302	0.0290697674419	0.0290697674419	0.0581395348837	0.0697674418605	0.0290697674419	0.0232558139535	0.00581395348837	0	0.68023255814	
0.0232558139535	0.0290697674419	0.00581395348837	0.0232558139535	0.093023255814	0.0813953488372	0.0290697674419	0.0116279069767	0.0116279069767	0.00581395348837	0.686046511628	
0.0116279069767	0.0406976744186	0.0290697674419	0.0406976744186	0.0872093023256	0.0639534883721	0.0232558139535	0.0174418604651	0.0174418604651	0.00581395348837	0.662790697674	
0.0348837209302	0.0406976744186	0.046511627907	0.046511627907	0.0523255813953	0.0581395348837	0.0406976744186	0.0174418604651	0.0116279069767	0.0116279069767	0.639534883721	
0.0697674418605	0.046511627907	0.0116279069767	0.0406976744186	0.0755813953488	0.0406976744186	0.0174418604651	0.0523255813953	0.0116279069767	0.0174418604651	0.616279069767	
0.0581395348837	0.0348837209302	0.0348837209302	0.046511627907	0.0872093023256	0.0581395348837	0.0174418604651	0.0174418604651	0.00581395348837	0.00581395348837	0.633720930233	
0.0174418604651	0.0406976744186	0.0348837209302	0.0116279069767	0.0406976744186	0.0523255813953	0.0348837209302	0.0232558139535	0.0116279069767	0.00581395348837	0.726744186047	
0.0290697674419	0.0290697674419	0.0290697674419	0.0348837209302	0.0639534883721	0.0406976744186	0.0523255813953	0.0290697674419	0.00581395348837	0.0174418604651	0.668604651163	
0.0232558139535	0.0406976744186	0.0116279069767	0.0290697674419	0.046511627907	0.0872093023256	0.0348837209302	0.0290697674419	0	0.0116279069767	0.686046511628	
0.046511627907	0.0290697674419	0.0348837209302	0.0348837209302	0.0581395348837	0.0523255813953	0.0406976744186	0.0174418604651	0	0.0232558139535	0.662790697674	
0.0406976744186	0.0232558139535	0.0232558139535	0.0581395348837	0.0523255813953	0.0872093023256	0.0406976744186	0.0174418604651	0.0116279069767	0.0232558139535	0.622093023256	
0.0406976744186	0.0116279069767	0.046511627907	0.0406976744186	0.0523255813953	0.0581395348837	0.0581395348837	0.0116279069767	0.00581395348837	0.0116279069767	0.662790697674	
0.0232558139535	0.0232558139535	0.0232558139535	0.0116279069767	0.0639534883721	0.0639534883721	0.0232558139535	0.0174418604651	0.0174418604651	0.0174418604651	0.71511627907	
0.0406976744186	0.0174418604651	0.0348837209302	0.0116279069767	0.116279069767	0.0697674418605	0.0116279069767	0.00581395348837	0.0116279069767	0.0174418604651	0.662790697674	
0.0290697674419	0.0174418604651	0.0290697674419	0.0290697674419	0.0639534883721	0.0697674418605	0.0290697674419	0.0232558139535	0.00581395348837	0.0116279069767	0.691860465116	
0.0174418604651	0.0232558139535	0.0290697674419	0.0290697674419	0.0639534883721	0.0639534883721	0.0639534883721	0.0290697674419	0.0232558139535	0.00581395348837	0.651162790698	
0.0406976744186	0.0523255813953	0.0290697674419	0.00581395348837	0.104651162791	0.0872093023256	0.0174418604651	0.00581395348837	0.00581395348837	0.00581395348837	0.645348837209	
0.0116279069767	0.0348837209302	0.0348837209302	0.0290697674419	0.046511627907	0.0406976744186	0.0116279069767	0.0290697674419	0	0.0116279069767	0.75	
0.0290697674419	0.0290697674419	0.00581395348837	0.0116279069767	0.0523255813953	0.0755813953488	0.0116279069767	0.0348837209302	0.0116279069767	0.00581395348837	0.732558139535	
0.0116279069767	0.0348837209302	0.0290697674419	0.0406976744186	0.0581395348837	0.0755813953488	0.0232558139535	0.0290697674419	0	0	0.697674418605	
0.0406976744186	0.0348837209302	0.0174418604651	0.0406976744186	0.046511627907	0.0697674418605	0.0290697674419	0.0290697674419	0	0.00581395348837	0.686046511628	
0.0755813953488	0.0348837209302	0.0174418604651	0.0348837209302	0.0406976744186	0.0697674418605	0.0348837209302	0.0174418604651	0	0.0116279069767	0.662790697674	
0.0406976744186	0.0406976744186	0.046511627907	0.0348837209302	0.0523255813953	0.0581395348837	0.0348837209302	0.0406976744186	0.0174418604651	0.00581395348837	0.627906976744	
0.0174418604651	0.0348837209302	0.0523255813953	0.0174418604651	0.0872093023256	0.0523255813953	0.0232558139535	0.0232558139535	0.0116279069767	0.0174418604651	0.662790697674	
0.0116279069767	0.0406976744186	0.0232558139535	0.0406976744186	0.122093023256	0.104651162791	0.0290697674419	0.0174418604651	0.00581395348837	0.00581395348837	0.598837209302	
0.0174418604651	0.0232558139535	0.0581395348837	0.0290697674419	0.046511627907	0.0755813953488	0.0232558139535	0.0348837209302	0.00581395348837	0.00581395348837	0.68023255814	
0.0290697674419	0.0406976744186	0.0348837209302	0.0232558139535	0.0639534883721	0.0872093023256	0.0116279069767	0.0232558139535	0	0.0116279069767	0.674418604651	
0.0290697674419	0.0581395348837	0.046511627907	0.046511627907	0.0523255813953	0.0348837209302	0.0348837209302	0.0232558139535	0.0116279069767	0.0116279069767	0.651162790698	
0.0290697674419	0.0406976744186	0.0348837209302	0.0232558139535	0.0523255813953	0.0523255813953	0.0406976744186	0.00581395348837	0.0116279069767	0	0.709302325581	
0.0116279069767	0.046511627907	0.0290697674419	0.046511627907	0.0406976744186	0.0988372093023	0.0523255813953	0.0232558139535	0.00581395348837	0.00581395348837	0.639534883721	
0.0232558139535	0.0116279069767	0.0232558139535	0.0523255813953	0.0872093023256	0.0406976744186	0.00581395348837	0.0290697674419	0.00581395348837	0.00581395348837	0.71511627907	
0.0290697674419	0.0581395348837	0.0290697674419	0.0290697674419	0.046511627907	0.0523255813953	0.0174418604651	0.0406976744186	0.0174418604651	0.0116279069767	0.668604651163	
0.0232558139535	0.0174418604651	0.0348837209302	0.0232558139535	0.0290697674419	0.0755813953488	0.0174418604651	0.0348837209302	0.00581395348837	0.0116279069767	0.726744186047	
0.0174418604651	0.046511627907	0.0232558139535	0.0348837209302	0.0581395348837	0.0523255813953	0.0232558139535	0.0406976744186	0.0116279069767	0.0116279069767	0.68023255814	
0.0348837209302	0.0232558139535	0.046511627907	0.0348837209302	0.0523255813953	0.0639534883721	0.0581395348837	0.0232558139535	0.0116279069767	0	0.651162790698	
0.0581395348837	0.0348837209302	0.0348837209302	0.0348837209302	0.0813953488372	0.0348837209302	0.0232558139535	0.0174418604651	0.0116279069767	0.00581395348837	0.662790697674	
0.0406976744186	0.0174418604651	0.0697674418605	0.0290697674419	0.0988372093023	0.0697674418605	0.0232558139535	0.0174418604651	0.00581395348837	0	0.627906976744	
0.0174418604651	0.046511627907	0.0406976744186	0.0232558139535	0.0581395348837	0.0581395348837	0.046511627907	0.0232558139535	0.00581395348837	0	0.68023255814	
0.046511627907	0.0232558139535	0.0232558139535	0.0174418604651	0.0639534883721	0.0813953488372	0.0174418604651	0.0232558139535	0.00581395348837	0.00581395348837	0.691860465116	
0.0174418604651	0.0174418604651	0.0116279069767	0.0290697674419	0.0639534883721	0.110465116279	0.0290697674419	0.0116279069767	0	0.00581395348837	0.703488372093	
0.0523255813953	0.0348837209302	0.0290697674419	0.0116279069767	0.0697674418605	0.0697674418605	0.0174418604651	0.0290697674419	0.0116279069767	0	0.674418604651	
0.0232558139535	0.0348837209302	0.0174418604651	0.0290697674419	0.0697674418605	0.0523255813953	0.0290697674419	0.0116279069767	0	0	0.732558139535	
0.0290697674419	0.0348837209302	0.0348837209302	0.0406976744186	0.0813953488372	0.0697674418605	0.0174418604651	0.0116279069767	0	0	0.68023255814	
0.00581395348837	0.0290697674419	0.0348837209302	0.0290697674419	0.0755813953488	0.0755813953488	0.0232558139535	0.0116279069767	0	0.00581395348837	0.709302325581	
0.0406976744186	0.0348837209302	0.0290697674419	0.0232558139535	0.0581395348837	0.0406976744186	0.0290697674419	0.0348837209302	0.00581395348837	0	0.703488372093	
0.046511627907	0.046511627907	0.0232558139535	0.0232558139535	0.0697674418605	0.0348837209302	0.0174418604651	0.0406976744186	0	0.00581395348837	0.691860465116	
0.0174418604651	0.0348837209302	0.0290697674419	0.0523255813953	0.046511627907	0.0697674418605	0.0523255813953	0.0174418604651	0.0116279069767	0.0116279069767	0.656976744186	
0.0232558139535	0.0348837209302	0.0290697674419	0.0174418604651	0.046511627907	0.0406976744186	0.0290697674419	0.0116279069767	0	0.00581395348837	0.761627906977	
0.0232558139535	0.0174418604651	0.0348837209302	0.0232558139535	0.0581395348837	0.0988372093023	0.0174418604651	0.0290697674419	0.00581395348837	0.0116279069767	0.68023255814	
0.0581395348837	0.0406976744186	0.0232558139535	0.0348837209302	0.0697674418605	0.0988372093023	0.00581395348837	0.0348837209302	0	0	0.633720930233	
0.0232558139535	0.0348837209302	0.0232558139535	0.0232558139535	0.0755813953488	0.0639534883721	0.0232558139535	0.0174418604651	0.00581395348837	0.0174418604651	0.691860465116	
0.0174418604651	0.0174418604651	0.0348837209302	0.0290697674419	0.0697674418605	0.0523255813953	0.0697674418605	0.0232558139535	0.0116279069767	0.0116279069767	0.662790697674	
0.0232558139535	0.0232558139535	0.0174418604651	0.0348837209302	0.046511627907	0.0639534883721	0.0290697674419	0.0290697674419	0.0174418604651	0.00581395348837	0.709302325581	
0.0174418604651	0.0290697674419	0.0348837209302	0.0523255813953	0.0755813953488	0.0639534883721	0.0174418604651	0.0290697674419	0.0116279069767	0.0116279069767	0.656976744186	
0.0290697674419	0.0232558139535	0.0290697674419	0.0174418604651	0.0755813953488	0.0639534883721	0.0116279069767	0.0174418604651	0	0	0.732558139535	
0.0174418604651	0.0348837209302	0.0348837209302	0.0232558139535	0.0639534883721	0.0813953488372	0.0406976744186	0.046511627907	0.00581395348837	0	0.651162790698	
0.0406976744186	0.0290697674419	0.0232558139535	0.0348837209302	0.0755813953488	0.0755813953488	0.0116279069767	0.0232558139535	0	0.00581395348837	0.68023255814	
0.0406976744186	0.0406976744186	0.0348837209302	0.0290697674419	0.0872093023256	0.0813953488372	0.0290697674419	0.0232558139535	0.00581395348837	0.0174418604651	0.610465116279	
0.0232558139535	0.0348837209302	0.0232558139535	0.0523255813953	0.046511627907	0.0581395348837	0.0348837209302	0.0232558139535	0.00581395348837	0	0.697674418605	
0.0348837209302	0.00581395348837	0.0232558139535	0.046511627907	0.0406976744186	0.0697674418605	0.0116279069767	0.0232558139535	0	0.00581395348837	0.738372093023	
0.0290697674419	0.0174418604651	0.0523255813953	0.046511627907	0.0755813953488	0.0581395348837	0.046511627907	0.0290697674419	0.0174418604651	0	0.627906976744	
0.0406976744186	0.0232558139535	0.0290697674419	0.0290697674419	0.0697674418605	0.0813953488372	0.0348837209302	0.0174418604651	0	0.00581395348837	0.668604651163	
0.0348837209302	0.0232558139535	0.0232558139535	0.0290697674419	0.0697674418605	0.0639534883721	0.0406976744186	0.0348837209302	0.0116279069767	0	0.668604651163	
0.046511627907	0.0174418604651	0.0406976744186	0.0232558139535	0.0639534883721	0.0581395348837	0.0232558139535	0.0174418604651	0.0116279069767	0	0.697674418605	
0.0232558139535	0.0116279069767	0.0232558139535	0.046511627907	0.0755813953488	0.0697674418605	0.0348837209302	0.0174418604651	0.0116279069767	0	0.686046511628	
0.0348837209302	0.0348837209302	0.0581395348837	0.0174418604651	0.0755813953488	0.0523255813953	0.0406976744186	0.0581395348837	0	0.0232558139535	0.604651162791	
0.046511627907	0.0348837209302	0.0174418604651	0.0348837209302	0.0697674418605	0.127906976744	0.0116279069767	0.0348837209302	0	0	0.622093023256	
0.0232558139535	0.0290697674419	0.046511627907	0.0116279069767	0.093023255814	0.0523255813953	0.0290697674419	0.0174418604651	0.00581395348837	0	0.691860465116	
0.0348837209302	0.046511627907	0.0523255813953	0.0232558139535	0.0523255813953	0.0639534883721	0.0232558139535	0.0348837209302	0	0.00581395348837	0.662790697674	
0.0348837209302	0.0348837209302	0.046511627907	0.0116279069767	0.0755813953488	0.0872093023256	0.00581395348837	0.0406976744186	0.00581395348837	0.00581395348837	0.651162790698	
0.0406976744186	0.0406976744186	0.0232558139535	0.046511627907	0.0755813953488	0.046511627907	0.0116279069767	0.00581395348837	0.0116279069767	0	0.697674418605	
0.0348837209302	0.0116279069767	0.046511627907	0.0232558139535	0.0755813953488	0.0988372093023	0.0232558139535	0.0116279069767	0	0.0174418604651	0.656976744186	
0.0348837209302	0.0232558139535	0.0406976744186	0.0581395348837	0.0406976744186	0.0872093023256	0.0290697674419	0.0290697674419	0.0116279069767	0	0.645348837209	
0.0406976744186	0.0290697674419	0.0348837209302	0	0.0813953488372	0.0406976744186	0.00581395348837	0.0174418604651	0.0116279069767	0	0.738372093023	
0.0232558139535	0.0174418604651	0.0348837209302	0.0174418604651	0.0581395348837	0.046511627907	0.0116279069767	0.0232558139535	0.0116279069767	0	0.755813953488	
0.046511627907	0.0290697674419	0.0406976744186	0.0523255813953	0	0	0.0174418604651	0.0290697674419	0.00581395348837	0	0.779069767442	
0.0406976744186	0.0116279069767	0.0348837209302	0.0290697674419	0.00581395348837	0.00581395348837	0.0290697674419	0.0116279069767	0.00581395348837	0	0.825581395349	
0.0406976744186	0.046511627907	0.0290697674419	0.0232558139535	0	0.00581395348837	0.046511627907	0.046511627907	0	0	0.761627906977	
0.0290697674419	0.046511627907	0.0406976744186	0.0290697674419	0.00581395348837	0.00581395348837	0.0116279069767	0.0406976744186	0	0.00581395348837	0.78488372093	
0	0	0	0	0	0	0.0290697674419	0.0232558139535	0.0116279069767	0.0174418604651	0.918604651163	
0	0.00581395348837	0	0	0	0.0116279069767	0.0290697674419	0.0232558139535	0.0116279069767	0.0116279069767	0.906976744186	
0	0	0	0	0	0	0.0406976744186	0.0174418604651	0	0.0116279069767	0.93023255814	
0.00581395348837	0	0	0	0	0.00581395348837	0.046511627907	0.00581395348837	0.0116279069767	0.00581395348837	0.918604651163	
0.0290697674419	0.00581395348837	0.0232558139535	0.0232558139535	0.046511627907	0.0581395348837	0.0406976744186	0.0232558139535	0	0.0174418604651	0.732558139535	
0.0523255813953	0.046511627907	0.0348837209302	0.046511627907	0.0348837209302	0.0697674418605	0.0348837209302	0.0116279069767	0	0.0116279069767	0.656976744186	
0.0406976744186	0.0116279069767	0.0348837209302	0.0290697674419	0.0872093023256	0.0697674418605	0.0174418604651	0.0232558139535	0.00581395348837	0.00581395348837	0.674418604651	
0.0290697674419	0.0290697674419	0.0348837209302	0.0523255813953	0.0872093023256	0.093023255814	0.0174418604651	0.0174418604651	0	0	0.639534883721	
0.0116279069767	0.0406976744186	0.0174418604651	0.0406976744186	0.046511627907	0.0581395348837	0.0232558139535	0.0174418604651	0.0174418604651	0.00581395348837	0.720930232558	
0.0232558139535	0.046511627907	0.0581395348837	0.0232558139535	0.0639534883721	0.0581395348837	0.0290697674419	0.0174418604651	0.00581395348837	0.0116279069767	0.662790697674	
0.0232558139535	0.0290697674419	0.0174418604651	0.0232558139535	0.0697674418605	0.0872093023256	0.0116279069767	0.0348837209302	0.0232558139535	0.00581395348837	0.674418604651	
0.00581395348837	0.0523255813953	0.0174418604651	0.0290697674419	0.0813953488372	0.0872093023256	0.0116279069767	0.0290697674419	0	0	0.686046511628	
0.0290697674419	0.0174418604651	0.0348837209302	0.046511627907	0.0581395348837	0.0755813953488	0.046511627907	0.0174418604651	0	0.00581395348837	0.668604651163	
0.0290697674419	0.0406976744186	0.0232558139535	0.0232558139535	0.0697674418605	0.0581395348837	0.0232558139535	0.0232558139535	0	0	0.709302325581	
0.046511627907	0.0174418604651	0.0290697674419	0.046511627907	0.0581395348837	0.046511627907	0.0116279069767	0.0348837209302	0.0232558139535	0	0.686046511628	
0.0406976744186	0.0290697674419	0.0290697674419	0.0290697674419	0.0813953488372	0.0581395348837	0.00581395348837	0	0	0.00581395348837	0.720930232558	
0.0348837209302	0.0290697674419	0.0290697674419	0.046511627907	0.046511627907	0.0523255813953	0.046511627907	0.0116279069767	0.00581395348837	0	0.697674418605	
0.0348837209302	0.0290697674419	0.0174418604651	0.0290697674419	0.0988372093023	0.110465116279	0.0290697674419	0.0348837209302	0	0.00581395348837	0.610465116279	
0.0290697674419	0.0232558139535	0.0232558139535	0.0523255813953	0.093023255814	0.0755813953488	0.0116279069767	0.00581395348837	0.0348837209302	0.00581395348837	0.645348837209	
0.0581395348837	0.0116279069767	0.0232558139535	0.0290697674419	0.0581395348837	0.0290697674419	0.0232558139535	0.0116279069767	0.0116279069767	0.0116279069767	0.732558139535	
0.0232558139535	0.0116279069767	0.046511627907	0.0639534883721	0.0988372093023	0.0755813953488	0.0116279069767	0.0174418604651	0	0.00581395348837	0.645348837209	
0	0.0406976744186	0.0232558139535	0.0174418604651	0.0697674418605	0.0988372093023	0.046511627907	0.0232558139535	0.00581395348837	0.0116279069767	0.662790697674	
0.0174418604651	0.0290697674419	0.0523255813953	0.0348837209302	0.0755813953488	0.0697674418605	0.0290697674419	0.0406976744186	0	0	0.651162790698	
0.0290697674419	0.0290697674419	0.0523255813953	0.0348837209302	0.0581395348837	0.0639534883721	0.0348837209302	0.0116279069767	0	0	0.686046511628	
0.0348837209302	0.0174418604651	0.0290697674419	0.046511627907	0.0697674418605	0.0348837209302	0.0581395348837	0.0232558139535	0.0174418604651	0.00581395348837	0.662790697674	
0.0232558139535	0.0290697674419	0.0174418604651	0.0232558139535	0.0813953488372	0.0581395348837	0.0290697674419	0.0174418604651	0.0116279069767	0.00581395348837	0.703488372093	
0.046511627907	0.0232558139535	0.0174418604651	0.0116279069767	0.0523255813953	0.046511627907	0.0232558139535	0.0348837209302	0.0116279069767	0.0116279069767	0.720930232558	
0.0348837209302	0.0755813953488	0.0290697674419	0.0174418604651	0.0697674418605	0.0988372093023	0.0116279069767	0.0406976744186	0.00581395348837	0	0.616279069767	
0.0348837209302	0.0406976744186	0.0290697674419	0.0174418604651	0.0697674418605	0.0290697674419	0.0232558139535	0.0174418604651	0.0116279069767	0.0174418604651	0.709302325581	
0.0523255813953	0.0174418604651	0.0290697674419	0.0581395348837	0.0639534883721	0.0813953488372	0.0116279069767	0.0232558139535	0	0.00581395348837	0.656976744186	
0.0523255813953	0.0174418604651	0.0232558139535	0.0406976744186	0.0872093023256	0.0581395348837	0.0174418604651	0.0290697674419	0	0.00581395348837	0.668604651163	
0.0232558139535	0.0290697674419	0.0174418604651	0.0406976744186	0.0697674418605	0.0523255813953	0.0232558139535	0.0523255813953	0.0290697674419	0.0116279069767	0.651162790698	
0.0406976744186	0.0174418604651	0.0232558139535	0.0348837209302	0.0755813953488	0.110465116279	0.0290697674419	0.0174418604651	0	0	0.651162790698	
0.0174418604651	0.0581395348837	0.0174418604651	0.046511627907	0.0581395348837	0.0755813953488	0.0813953488372	0.00581395348837	0.00581395348837	0.00581395348837	0.627906976744	
0.0581395348837	0.0581395348837	0.0232558139535	0.0290697674419	0.0813953488372	0.0581395348837	0.0174418604651	0.0290697674419	0.00581395348837	0	0.639534883721	
0.0348837209302	0.0581395348837	0.0406976744186	0.0232558139535	0.0755813953488	0.0755813953488	0.0232558139535	0.0116279069767	0.0116279069767	0.00581395348837	0.639534883721	
0.0406976744186	0.046511627907	0.0348837209302	0.0290697674419	0.0697674418605	0.0697674418605	0.0290697674419	0.0116279069767	0	0.0116279069767	0.656976744186	
0.0523255813953	0.0406976744186	0.0523255813953	0.0116279069767	0.0523255813953	0.046511627907	0.0406976744186	0.0232558139535	0.0116279069767	0	0.668604651163	
0.0290697674419	0.0174418604651	0.0348837209302	0.0290697674419	0.0872093023256	0.0639534883721	0.0232558139535	0.0116279069767	0	0.00581395348837	0.697674418605	
0.0174418604651	0.00581395348837	0.0232558139535	0.046511627907	0.0523255813953	0.0697674418605	0.0232558139535	0.0348837209302	0.0116279069767	0.0116279069767	0.703488372093	
0.0406976744186	0.046511627907	0.0406976744186	0.0581395348837	0.0523255813953	0.0813953488372	0.046511627907	0.0348837209302	0.0116279069767	0	0.587209302326	
0.0174418604651	0.0348837209302	0.0290697674419	0.046511627907	0.046511627907	0.0290697674419	0.0116279069767	0.0406976744186	0	0.0116279069767	0.732558139535	
0.0290697674419	0.0174418604651	0.0406976744186	0.0290697674419	0.0639534883721	0.0639534883721	0.0232558139535	0.0232558139535	0.00581395348837	0.00581395348837	0.697674418605	
0.0290697674419	0.0116279069767	0.0348837209302	0.0348837209302	0.0697674418605	0.0755813953488	0.046511627907	0.0348837209302	0.00581395348837	0.0174418604651	0.639534883721	
0.0232558139535	0.0290697674419	0.0174418604651	0.046511627907	0.0813953488372	0.104651162791	0.0174418604651	0.0232558139535	0.0116279069767	0.00581395348837	0.639534883721	
0.0290697674419	0.0406976744186	0.0348837209302	0.0174418604651	0.0755813953488	0.0755813953488	0.0348837209302	0.0290697674419	0	0	0.662790697674	
0.0406976744186	0.0116279069767	0.0406976744186	0.046511627907	0.122093023256	0.0813953488372	0.0174418604651	0.00581395348837	0.00581395348837	0.0174418604651	0.610465116279	
0.0406976744186	0.0174418604651	0.046511627907	0.0290697674419	0.0755813953488	0.0813953488372	0.0348837209302	0.0348837209302	0.0174418604651	0.00581395348837	0.616279069767	
0.0174418604651	0.0232558139535	0.046511627907	0.0116279069767	0.0406976744186	0.046511627907	0.046511627907	0.0290697674419	0.00581395348837	0.00581395348837	0.726744186047	
0.0523255813953	0.0523255813953	0.0232558139535	0.0232558139535	0.0523255813953	0.0581395348837	0.0174418604651	0.0348837209302	0	0	0.686046511628	
0.0348837209302	0.0232558139535	0.0174418604651	0.0348837209302	0.046511627907	0.0755813953488	0.0406976744186	0.0348837209302	0.0116279069767	0	0.68023255814	
0.0116279069767	0.046511627907	0.0523255813953	0.0348837209302	0.0639534883721	0.0348837209302	0.0174418604651	0.0523255813953	0	0.00581395348837	0.68023255814	
0.0697674418605	0.0406976744186	0.00581395348837	0.0232558139535	0.0755813953488	0.0988372093023	0.0174418604651	0.0290697674419	0	0.00581395348837	0.633720930233	
0.0116279069767	0.0116279069767	0.0406976744186	0.0348837209302	0.0697674418605	0.0639534883721	0.0232558139535	0.0174418604651	0.0116279069767	0	0.71511627907	
0.0174418604651	0.0116279069767	0.046511627907	0.0348837209302	0.0581395348837	0.0639534883721	0.0348837209302	0.0523255813953	0.00581395348837	0.0116279069767	0.662790697674	
0.0232558139535	0.0232558139535	0.0232558139535	0.0523255813953	0.0755813953488	0.0697674418605	0.0232558139535	0.0348837209302	0	0	0.674418604651	
0.0290697674419	0.0232558139535	0.0232558139535	0.0581395348837	0.0639534883721	0.0697674418605	0.0174418604651	0.0290697674419	0.00581395348837	0.00581395348837	0.674418604651	
0.0523255813953	0.0290697674419	0.0348837209302	0.0290697674419	0.0406976744186	0.0523255813953	0.0290697674419	0.0232558139535	0	0.0116279069767	0.697674418605	
0.046511627907	0.0290697674419	0.0290697674419	0.0232558139535	0.0872093023256	0.0523255813953	0.0116279069767	0.0232558139535	0	0	0.697674418605	
0.0581395348837	0.0348837209302	0.0406976744186	0.0232558139535	0.0581395348837	0.0755813953488	0.0116279069767	0.0174418604651	0.00581395348837	0.00581395348837	0.668604651163	
0.0232558139535	0.0116279069767	0.0348837209302	0.0290697674419	0.0988372093023	0.0697674418605	0.046511627907	0.0116279069767	0	0.00581395348837	0.668604651163	
0.0290697674419	0.0232558139535	0.0406976744186	0.0406976744186	0.110465116279	0.0813953488372	0.0116279069767	0.00581395348837	0.00581395348837	0.00581395348837	0.645348837209	
0.0290697674419	0.046511627907	0.0232558139535	0.0290697674419	0.046511627907	0.0872093023256	0.0348837209302	0.0174418604651	0.00581395348837	0	0.68023255814	
0.0290697674419	0.0406976744186	0.0232558139535	0.0523255813953	0.0406976744186	0.0988372093023	0.0116279069767	0.0232558139535	0.00581395348837	0.0116279069767	0.662790697674	
0.0232558139535	0.0232558139535	0.0232558139535	0.0523255813953	0.046511627907	0.0755813953488	0.0116279069767	0.0174418604651	0	0.00581395348837	0.720930232558	
0.0232558139535	0.0290697674419	0.0523255813953	0.0406976744186	0.0581395348837	0.0290697674419	0.0174418604651	0.0232558139535	0	0.0116279069767	0.71511627907	
0.0581395348837	0.0406976744186	0.0290697674419	0.0174418604651	0.0697674418605	0.0872093023256	0.0232558139535	0.0348837209302	0.00581395348837	0.00581395348837	0.627906976744	
0.0406976744186	0.0406976744186	0.0348837209302	0.0232558139535	0.0755813953488	0.0813953488372	0.0174418604651	0.0174418604651	0.00581395348837	0	0.662790697674	
0.0348837209302	0.0406976744186	0.0406976744186	0.0174418604651	0.093023255814	0.0639534883721	0.0290697674419	0.0290697674419	0.0232558139535	0.0232558139535	0.604651162791	
0.0406976744186	0.0406976744186	0.0174418604651	0.00581395348837	0.0406976744186	0.0581395348837	0.0174418604651	0.0116279069767	0.00581395348837	0	0.761627906977	
0.0116279069767	0.0232558139535	0.046511627907	0.0116279069767	0.0813953488372	0.0697674418605	0.0174418604651	0.0174418604651	0.00581395348837	0.00581395348837	0.709302325581	
0.0232558139535	0	0.0290697674419	0.046511627907	0.0755813953488	0.0755813953488	0.0232558139535	0.0406976744186	0.0116279069767	0.0116279069767	0.662790697674	
0.0290697674419	0.0174418604651	0.046511627907	0.0116279069767	0.0988372093023	0.0290697674419	0.0232558139535	0.0232558139535	0	0.00581395348837	0.71511627907	
0.0232558139535	0.0523255813953	0.0174418604651	0.0523255813953	0.0639534883721	0.0581395348837	0.046511627907	0	0	0.00581395348837	0.68023255814	
0.0232558139535	0.0348837209302	0.0290697674419	0.0581395348837	0.0639534883721	0.0813953488372	0.0406976744186	0.00581395348837	0.00581395348837	0.00581395348837	0.651162790698	
0.0348837209302	0.046511627907	0.0523255813953	0.0232558139535	0.0523255813953	0.0290697674419	0.0639534883721	0.0523255813953	0.0116279069767	0	0.633720930233	
0.0348837209302	0.0581395348837	0.0290697674419	0.0290697674419	0.0755813953488	0.0581395348837	0.0523255813953	0.0174418604651	0.00581395348837	0.00581395348837	0.633720930233	
0.0348837209302	0.0348837209302	0.0290697674419	0.0290697674419	0.0813953488372	0.0639534883721	0.0348837209302	0.0116279069767	0.0116279069767	0.00581395348837	0.662790697674	
0.0116279069767	0.0697674418605	0.0232558139535	0.00581395348837	0.0988372093023	0.046511627907	0.0406976744186	0.0232558139535	0.00581395348837	0	0.674418604651	
0.046511627907	0.0406976744186	0.0348837209302	0.0290697674419	0.0523255813953	0.046511627907	0.0290697674419	0.0232558139535	0	0.0116279069767	0.686046511628	
0.0523255813953	0.0406976744186	0.0406976744186	0.0174418604651	0.046511627907	0.0872093023256	0.0174418604651	0.0348837209302	0.0116279069767	0.0116279069767	0.639534883721	
0.0174418604651	0.0406976744186	0.0232558139535	0.0406976744186	0.046511627907	0.0813953488372	0.0348837209302	0.0232558139535	0.00581395348837	0.0174418604651	0.668604651163	
0.0232558139535	0.0174418604651	0.00581395348837	0.00581395348837	0.0581395348837	0.0581395348837	0.0290697674419	0.0523255813953	0	0.0116279069767	0.738372093023	
0.0116279069767	0.0406976744186	0.0406976744186	0.0290697674419	0.0755813953488	0.104651162791	0.0348837209302	0.0174418604651	0	0.00581395348837	0.639534883721	
0.0116279069767	0.0232558139535	0.0697674418605	0.0523255813953	0.0639534883721	0.0639534883721	0.0406976744186	0.0348837209302	0.0116279069767	0.0174418604651	0.610465116279	
0.0406976744186	0.0232558139535	0.0116279069767	0.0290697674419	0.0523255813953	0.0581395348837	0.0232558139535	0.0174418604651	0.0232558139535	0.0174418604651	0.703488372093	
0.0290697674419	0.0523255813953	0.0232558139535	0.0523255813953	0.0872093023256	0.127906976744	0.0174418604651	0.0232558139535	0	0	0.587209302326	
0.0232558139535	0.0174418604651	0.0348837209302	0.046511627907	0.046511627907	0.0348837209302	0.0232558139535	0.0174418604651	0.00581395348837	0.0116279069767	0.738372093023	
0.0174418604651	0.0174418604651	0.046511627907	0.0406976744186	0.0639534883721	0.0523255813953	0.0174418604651	0.0406976744186	0.0174418604651	0.0116279069767	0.674418604651	
0.046511627907	0.0290697674419	0.046511627907	0.0290697674419	0.0581395348837	0.093023255814	0.0523255813953	0.046511627907	0.00581395348837	0.00581395348837	0.587209302326	
0.0290697674419	0.0290697674419	0.0290697674419	0.0290697674419	0.046511627907	0.0639534883721	0.00581395348837	0.0348837209302	0.0174418604651	0.00581395348837	0.709302325581	
0.0406976744186	0.0174418604651	0.0232558139535	0.0232558139535	0.0523255813953	0.0639534883721	0.0174418604651	0	0	0.00581395348837	0.755813953488	
0.0290697674419	0.0290697674419	0.0348837209302	0.0232558139535	0.0581395348837	0.0290697674419	0.0232558139535	0.0232558139535	0	0	0.75	
0.0232558139535	0.0232558139535	0.0290697674419	0.0232558139535	0.0813953488372	0.0988372093023	0.0174418604651	0.0232558139535	0.0116279069767	0.00581395348837	0.662790697674	
0.0174418604651	0.0232558139535	0.046511627907	0.0290697674419	0.0697674418605	0.0523255813953	0.0232558139535	0.0116279069767	0.00581395348837	0	0.720930232558	
0.0406976744186	0.0290697674419	0.0232558139535	0.0174418604651	0.0813953488372	0.0813953488372	0.0174418604651	0.0232558139535	0	0.0116279069767	0.674418604651	
0.046511627907	0.0290697674419	0.0581395348837	0.0406976744186	0.0697674418605	0.0697674418605	0.0406976744186	0.0116279069767	0	0.00581395348837	0.627906976744	
0.046511627907	0.046511627907	0.0290697674419	0.0232558139535	0.0523255813953	0.0755813953488	0.0581395348837	0.046511627907	0.00581395348837	0	0.616279069767	
0.0406976744186	0.046511627907	0.0290697674419	0.0348837209302	0.046511627907	0.0581395348837	0.0290697674419	0.0290697674419	0	0	0.686046511628	
0.0523255813953	0.0348837209302	0.0116279069767	0.0406976744186	0.0348837209302	0.0290697674419	0.0116279069767	0.0523255813953	0.00581395348837	0.0290697674419	0.697674418605	
0.0348837209302	0.0348837209302	0.0348837209302	0.046511627907	0.0581395348837	0.0755813953488	0.0116279069767	0.0174418604651	0	0	0.686046511628	
0.0174418604651	0.0755813953488	0.0581395348837	0.0174418604651	0.0697674418605	0.104651162791	0.0174418604651	0.00581395348837	0.0116279069767	0.00581395348837	0.616279069767	
0.0581395348837	0.0174418604651	0.0232558139535	0.0406976744186	0.0639534883721	0.0755813953488	0.0406976744186	0.0348837209302	0.0116279069767	0	0.633720930233	
0.0290697674419	0.0348837209302	0.0581395348837	0.0174418604651	0.0581395348837	0.0406976744186	0.0290697674419	0.046511627907	0.0232558139535	0.0116279069767	0.651162790698	
0.0116279069767	0.046511627907	0.0406976744186	0.0348837209302	0.0639534883721	0.0755813953488	0.0348837209302	0.0406976744186	0.0116279069767	0	0.639534883721	
0.0406976744186	0.0174418604651	0.0232558139535	0.0348837209302	0.0406976744186	0.0813953488372	0.0290697674419	0.0174418604651	0	0.0116279069767	0.703488372093	
0.0406976744186	0.0406976744186	0.0174418604651	0.046511627907	0.0523255813953	0.0406976744186	0.0290697674419	0.00581395348837	0.0116279069767	0.0116279069767	0.703488372093	
0.0348837209302	0.046511627907	0.0174418604651	0.0639534883721	0.046511627907	0.0581395348837	0.00581395348837	0.046511627907	0.00581395348837	0.00581395348837	0.668604651163	
0.0348837209302	0.0406976744186	0.0348837209302	0.0290697674419	0.093023255814	0.0406976744186	0.046511627907	0.0348837209302	0.00581395348837	0	0.639534883721	
0.046511627907	0.0348837209302	0.0232558139535	0.0406976744186	0.0697674418605	0.0639534883721	0.0406976744186	0.0174418604651	0.0116279069767	0.00581395348837	0.645348837209	
0.0232558139535	0.0523255813953	0.0174418604651	0.0174418604651	0.0406976744186	0.0581395348837	0.0523255813953	0.0174418604651	0	0	0.720930232558	
0.0348837209302	0.0232558139535	0.0290697674419	0.0348837209302	0.0697674418605	0.0755813953488	0.0116279069767	0.0290697674419	0	0.00581395348837	0.686046511628	
0.0290697674419	0.0232558139535	0.0406976744186	0.0290697674419	0.0697674418605	0.0755813953488	0.046511627907	0.0232558139535	0.00581395348837	0.00581395348837	0.651162790698	
0.0348837209302	0.0116279069767	0.0290697674419	0.0406976744186	0.0697674418605	0.0639534883721	0.046511627907	0.0406976744186	0.00581395348837	0.0174418604651	0.639534883721	
0.0348837209302	0.0523255813953	0.0406976744186	0.0116279069767	0.0813953488372	0.0406976744186	0.0581395348837	0.0348837209302	0.00581395348837	0.0232558139535	0.616279069767	
0.0290697674419	0.0290697674419	0.0232558139535	0.0348837209302	0.0755813953488	0.0697674418605	0.0232558139535	0.00581395348837	0.0116279069767	0	0.697674418605	
0.0116279069767	0.0406976744186	0.0406976744186	0.0116279069767	0.0697674418605	0.046511627907	0.0232558139535	0.0232558139535	0.00581395348837	0.0116279069767	0.71511627907	
0.0348837209302	0.046511627907	0.0639534883721	0.0232558139535	0.0813953488372	0.0755813953488	0.0406976744186	0.0116279069767	0.0174418604651	0	0.604651162791	
0.0174418604651	0.00581395348837	0.0116279069767	0.0116279069767	0.0697674418605	0.0639534883721	0.0348837209302	0.0290697674419	0.00581395348837	0	0.75	
