0.070351758794	0.0402010050251	0.0753768844221	0.0251256281407	0.0452261306533	0.0251256281407	0.00502512562814	0.0150753768844	0	0	0.698492462312	
0.0954773869347	0.0201005025126	0.0603015075377	0.0251256281407	0.0402010050251	0.0201005025126	0.0100502512563	0.00502512562814	0.0100502512563	0.0100502512563	0.70351758794	
0.0804020100503	0.0201005025126	0.070351758794	0.035175879397	0.0251256281407	0.035175879397	0.00502512562814	0	0.0100502512563	0.00502512562814	0.713567839196	
0.070351758794	0.0251256281407	0.0653266331658	0.0452261306533	0.035175879397	0.0301507537688	0.0100502512563	0.0100502512563	0.00502512562814	0.00502512562814	0.698492462312	
0.0552763819095	0.0301507537688	0.0502512562814	0.0251256281407	0.0301507537688	0.0251256281407	0.0251256281407	0.0100502512563	0.0150753768844	0	0.733668341709	
0.0653266331658	0.0251256281407	0.0653266331658	0.035175879397	0.0402010050251	0.035175879397	0.0452261306533	0.0150753768844	0.00502512562814	0	0.668341708543	
0.0603015075377	0.0201005025126	0.0402010050251	0.0502512562814	0.0402010050251	0.0452261306533	0.0201005025126	0.00502512562814	0	0.00502512562814	0.713567839196	
0.0954773869347	0.0201005025126	0.0954773869347	0.035175879397	0.0301507537688	0.0251256281407	0.0100502512563	0.0150753768844	0	0.00502512562814	0.668341708543	
0.0653266331658	0.0502512562814	0.0502512562814	0.035175879397	0.0402010050251	0.0301507537688	0.0251256281407	0.0100502512563	0.0100502512563	0	0.683417085427	
0.035175879397	0.0603015075377	0.0854271356784	0.0301507537688	0.0100502512563	0.0301507537688	0.0201005025126	0.0251256281407	0.00502512562814	0.00502512562814	0.693467336683	
0.0552763819095	0.0402010050251	0.0653266331658	0.0402010050251	0.035175879397	0.0502512562814	0.0201005025126	0.0150753768844	0.0150753768844	0.00502512562814	0.658291457286	
0.0552763819095	0.0301507537688	0.0452261306533	0.0251256281407	0.0301507537688	0.0402010050251	0.0201005025126	0.0150753768844	0	0.0100502512563	0.72864321608	
0.0552763819095	0.0251256281407	0.070351758794	0.0301507537688	0.0251256281407	0.0150753768844	0.0301507537688	0.00502512562814	0.00502512562814	0.0251256281407	0.713567839196	
0.0653266331658	0.0552763819095	0.0502512562814	0.0301507537688	0.0201005025126	0.0150753768844	0	0.0201005025126	0.0100502512563	0.00502512562814	0.72864321608	
0.0804020100503	0.0402010050251	0.0603015075377	0.0201005025126	0.0150753768844	0.0100502512563	0.0150753768844	0.0100502512563	0	0.0100502512563	0.738693467337	
0.115577889447	0.0201005025126	0.0804020100503	0.0201005025126	0.0301507537688	0.0251256281407	0.0251256281407	0.0100502512563	0	0.0100502512563	0.663316582915	
0.0603015075377	0.0402010050251	0.0653266331658	0.0301507537688	0.0452261306533	0.035175879397	0.0301507537688	0.0150753768844	0.00502512562814	0	0.673366834171	
0.0653266331658	0.0552763819095	0.0653266331658	0.0100502512563	0.0150753768844	0.0301507537688	0.0150753768844	0.00502512562814	0	0.0100502512563	0.72864321608	
0.0854271356784	0.0100502512563	0.0603015075377	0.035175879397	0.0502512562814	0.0100502512563	0.00502512562814	0.0100502512563	0	0.0150753768844	0.718592964824	
0.0854271356784	0.0251256281407	0.0552763819095	0.0402010050251	0.035175879397	0.0150753768844	0.0251256281407	0.0100502512563	0.00502512562814	0.00502512562814	0.698492462312	
0.0854271356784	0.0251256281407	0.0502512562814	0.0150753768844	0.0150753768844	0.0502512562814	0.0100502512563	0.0150753768844	0.0100502512563	0	0.723618090452	
0.0854271356784	0.0402010050251	0.0954773869347	0.0150753768844	0.0201005025126	0.0603015075377	0.0402010050251	0.00502512562814	0.00502512562814	0.0100502512563	0.623115577889	
0.0552763819095	0.0301507537688	0.070351758794	0.0552763819095	0.035175879397	0.0251256281407	0.0251256281407	0.0251256281407	0.00502512562814	0.00502512562814	0.668341708543	
0.0904522613065	0.0653266331658	0.0301507537688	0.0251256281407	0.0502512562814	0.0452261306533	0.00502512562814	0.0150753768844	0	0.0100502512563	0.663316582915	
0.0653266331658	0.0201005025126	0.0603015075377	0.0251256281407	0.0251256281407	0.0301507537688	0.0100502512563	0	0.0100502512563	0.0100502512563	0.743718592965	
0.0854271356784	0.0251256281407	0.0552763819095	0.0201005025126	0.0251256281407	0.0301507537688	0.0251256281407	0.00502512562814	0.0100502512563	0.0100502512563	0.708542713568	
0.0603015075377	0.0301507537688	0.0502512562814	0.0251256281407	0.0552763819095	0.0251256281407	0.0301507537688	0.00502512562814	0.0100502512563	0.0100502512563	0.698492462312	
0.0653266331658	0.035175879397	0.0452261306533	0.0150753768844	0.035175879397	0.0201005025126	0.00502512562814	0.0150753768844	0	0.00502512562814	0.758793969849	
0.0452261306533	0.0452261306533	0.0452261306533	0.0301507537688	0.0201005025126	0.00502512562814	0	0.0100502512563	0	0	0.798994974874	
0.100502512563	0.0402010050251	0.0904522613065	0.0251256281407	0.0150753768844	0.035175879397	0.0100502512563	0.00502512562814	0.0100502512563	0.00502512562814	0.663316582915	
0.0854271356784	0.0251256281407	0.0603015075377	0.0251256281407	0.035175879397	0.0502512562814	0.00502512562814	0.00502512562814	0	0	0.708542713568	
0.0753768844221	0.0301507537688	0.0753768844221	0.0201005025126	0.0301507537688	0.0502512562814	0.0452261306533	0.0251256281407	0	0.00502512562814	0.643216080402	
0.0653266331658	0.0502512562814	0.0653266331658	0.0201005025126	0.0201005025126	0.0502512562814	0.0201005025126	0.00502512562814	0.00502512562814	0	0.698492462312	
0.0804020100503	0.0201005025126	0.0552763819095	0.0201005025126	0.0301507537688	0.0552763819095	0.0100502512563	0.0100502512563	0.00502512562814	0.00502512562814	0.708542713568	
0.0904522613065	0.0452261306533	0.0502512562814	0.0502512562814	0.0150753768844	0.0603015075377	0.0251256281407	0.0100502512563	0	0	0.653266331658	
0.0502512562814	0.035175879397	0.0452261306533	0.0402010050251	0.0301507537688	0.0201005025126	0.0251256281407	0.00502512562814	0.00502512562814	0.00502512562814	0.738693467337	
0.0603015075377	0.0100502512563	0.0653266331658	0.0251256281407	0.0251256281407	0.0251256281407	0.0201005025126	0.00502512562814	0.0150753768844	0.00502512562814	0.743718592965	
0.0753768844221	0.0301507537688	0.0804020100503	0.0201005025126	0.0251256281407	0.0502512562814	0	0.0251256281407	0.0100502512563	0	0.683417085427	
0.0603015075377	0.0201005025126	0.0402010050251	0.0402010050251	0.0201005025126	0.0452261306533	0	0.0251256281407	0.00502512562814	0	0.743718592965	
0.0452261306533	0.0552763819095	0.0653266331658	0.0201005025126	0.0150753768844	0.035175879397	0.0201005025126	0.0251256281407	0.00502512562814	0	0.713567839196	
0.0653266331658	0.0402010050251	0.0502512562814	0.0251256281407	0.035175879397	0.0402010050251	0.0201005025126	0.00502512562814	0	0	0.718592964824	
0.0452261306533	0.0150753768844	0.0603015075377	0.0251256281407	0.0402010050251	0.0402010050251	0.0201005025126	0.0402010050251	0	0	0.713567839196	
0.070351758794	0.035175879397	0.0502512562814	0.0150753768844	0.0251256281407	0.0251256281407	0.00502512562814	0.0100502512563	0.0150753768844	0.00502512562814	0.743718592965	
0.0603015075377	0.0402010050251	0.0603015075377	0.0201005025126	0.035175879397	0.0201005025126	0.0201005025126	0.00502512562814	0.00502512562814	0	0.733668341709	
0.0804020100503	0.035175879397	0.0753768844221	0.0251256281407	0.0251256281407	0.0301507537688	0.0100502512563	0.0100502512563	0.00502512562814	0	0.70351758794	
0.0552763819095	0.0301507537688	0.0653266331658	0.0150753768844	0.035175879397	0.0301507537688	0.0100502512563	0.0201005025126	0	0.00502512562814	0.733668341709	
0.0603015075377	0.0552763819095	0.0251256281407	0.0150753768844	0.0402010050251	0.0201005025126	0.0150753768844	0.0251256281407	0	0.00502512562814	0.738693467337	
0.0804020100503	0.0301507537688	0.0603015075377	0.0150753768844	0.0100502512563	0.035175879397	0.00502512562814	0.0201005025126	0.0201005025126	0.00502512562814	0.718592964824	
0.0402010050251	0.0201005025126	0.070351758794	0.0201005025126	0.0251256281407	0.0301507537688	0.00502512562814	0.0301507537688	0	0.0150753768844	0.743718592965	
0.0402010050251	0.0452261306533	0.0653266331658	0.0301507537688	0.0301507537688	0.0251256281407	0.0201005025126	0.0251256281407	0.00502512562814	0	0.713567839196	
0.0603015075377	0.0100502512563	0.0452261306533	0.0402010050251	0.0201005025126	0.0201005025126	0.00502512562814	0.0301507537688	0	0.0100502512563	0.758793969849	
0.0854271356784	0.0301507537688	0.0452261306533	0.0251256281407	0.0150753768844	0.0201005025126	0.0150753768844	0.0251256281407	0.0100502512563	0.0150753768844	0.713567839196	
0.070351758794	0.0201005025126	0.0603015075377	0.0201005025126	0.0502512562814	0.0502512562814	0.0251256281407	0.0201005025126	0.0100502512563	0	0.673366834171	
0.0603015075377	0.035175879397	0.0552763819095	0.0150753768844	0.0100502512563	0.0150753768844	0.00502512562814	0.0251256281407	0.0150753768844	0.00502512562814	0.758793969849	
0.0552763819095	0.0402010050251	0.0653266331658	0.0251256281407	0.0452261306533	0.0452261306533	0.0150753768844	0	0.0100502512563	0	0.698492462312	
0.0603015075377	0.035175879397	0.070351758794	0.0502512562814	0.0402010050251	0.0402010050251	0.0100502512563	0.0100502512563	0.0150753768844	0	0.668341708543	
0.0653266331658	0.0100502512563	0.0502512562814	0.0201005025126	0.0301507537688	0.0452261306533	0.0150753768844	0.0100502512563	0.0150753768844	0.0100502512563	0.72864321608	
0.0753768844221	0.0402010050251	0.0502512562814	0.0100502512563	0.0201005025126	0.0201005025126	0.0150753768844	0.00502512562814	0	0.0150753768844	0.748743718593	
0.0603015075377	0.0452261306533	0.0502512562814	0.0251256281407	0.0201005025126	0.0251256281407	0.0100502512563	0.0100502512563	0.0100502512563	0.00502512562814	0.738693467337	
0.0603015075377	0.035175879397	0.0552763819095	0.0301507537688	0.0402010050251	0.035175879397	0.0100502512563	0.00502512562814	0.00502512562814	0.00502512562814	0.718592964824	
0.120603015075	0.035175879397	0.0653266331658	0.0552763819095	0.0100502512563	0.0201005025126	0.0150753768844	0.0100502512563	0	0.0100502512563	0.658291457286	
0.0603015075377	0.0201005025126	0.070351758794	0.0402010050251	0.0201005025126	0.0201005025126	0.0100502512563	0.0100502512563	0.0201005025126	0.00502512562814	0.723618090452	
0.0804020100503	0.0251256281407	0.0502512562814	0.0201005025126	0.0301507537688	0.0402010050251	0.0100502512563	0.0100502512563	0.00502512562814	0.00502512562814	0.723618090452	
0.0804020100503	0.0502512562814	0.0452261306533	0.0301507537688	0.0251256281407	0.0502512562814	0.0201005025126	0	0	0	0.698492462312	
0.0753768844221	0.0251256281407	0.0804020100503	0.0201005025126	0.0502512562814	0.035175879397	0.0251256281407	0	0.00502512562814	0.0100502512563	0.673366834171	
0.0452261306533	0.0301507537688	0.0603015075377	0.0150753768844	0.035175879397	0.0402010050251	0.0150753768844	0.0100502512563	0	0.0100502512563	0.738693467337	
0.0552763819095	0.035175879397	0.0502512562814	0.0402010050251	0.0301507537688	0.0301507537688	0.0201005025126	0.0100502512563	0.0100502512563	0.0100502512563	0.708542713568	
0.0753768844221	0.0452261306533	0.0954773869347	0.0251256281407	0.0502512562814	0.0251256281407	0.0201005025126	0.0150753768844	0.0100502512563	0.00502512562814	0.633165829146	
0.0552763819095	0.0251256281407	0.0603015075377	0.0251256281407	0.035175879397	0.0552763819095	0.0201005025126	0.0150753768844	0.00502512562814	0	0.70351758794	
0.0603015075377	0.0402010050251	0.0452261306533	0.0301507537688	0.00502512562814	0.0402010050251	0.0100502512563	0.0100502512563	0	0.0100502512563	0.748743718593	
0.0804020100503	0.0100502512563	0.0402010050251	0.035175879397	0.0201005025126	0.0452261306533	0.00502512562814	0.00502512562814	0.0100502512563	0.00502512562814	0.743718592965	
0.0904522613065	0.0251256281407	0.0301507537688	0.0251256281407	0.0402010050251	0.035175879397	0.00502512562814	0	0	0	0.748743718593	
0.0653266331658	0.035175879397	0.0402010050251	0.0150753768844	0.035175879397	0.0301507537688	0.0201005025126	0.00502512562814	0.0100502512563	0	0.743718592965	
0.0603015075377	0.0552763819095	0.0502512562814	0.0402010050251	0.0402010050251	0.0201005025126	0.00502512562814	0.0150753768844	0	0	0.713567839196	
0.0603015075377	0.0452261306533	0.0653266331658	0.0251256281407	0.035175879397	0.0251256281407	0.0100502512563	0.0150753768844	0	0.00502512562814	0.713567839196	
0.0452261306533	0.0251256281407	0.0603015075377	0.0150753768844	0.0100502512563	0.0452261306533	0.0251256281407	0.0100502512563	0	0.00502512562814	0.758793969849	
0.070351758794	0.0301507537688	0.0301507537688	0.0301507537688	0.0452261306533	0.0402010050251	0.0150753768844	0	0.00502512562814	0.00502512562814	0.72864321608	
0.0904522613065	0.0402010050251	0.035175879397	0.0251256281407	0.0251256281407	0.0150753768844	0.0100502512563	0.0251256281407	0.00502512562814	0.0150753768844	0.713567839196	
0.0502512562814	0.0150753768844	0.0502512562814	0.0452261306533	0.0251256281407	0.0301507537688	0.0201005025126	0.00502512562814	0.00502512562814	0.0301507537688	0.723618090452	
0.0854271356784	0.0251256281407	0.0502512562814	0.0251256281407	0.0201005025126	0.0251256281407	0.00502512562814	0.00502512562814	0	0.00502512562814	0.753768844221	
0.0502512562814	0.0402010050251	0.0854271356784	0.0402010050251	0.0301507537688	0.035175879397	0.0150753768844	0.00502512562814	0.00502512562814	0.00502512562814	0.688442211055	
0.0954773869347	0.0201005025126	0.0452261306533	0.0150753768844	0.035175879397	0.0402010050251	0.0150753768844	0.0201005025126	0.00502512562814	0.00502512562814	0.70351758794	
0.0753768844221	0.0201005025126	0.0603015075377	0.0201005025126	0.0150753768844	0.0150753768844	0.00502512562814	0.0150753768844	0.00502512562814	0	0.768844221106	
0.0653266331658	0.0452261306533	0.0402010050251	0.0251256281407	0.0201005025126	0.0301507537688	0.0150753768844	0.0100502512563	0.00502512562814	0.0100502512563	0.733668341709	
0.0603015075377	0.0251256281407	0.0603015075377	0.0251256281407	0.0301507537688	0.0402010050251	0.0150753768844	0.0100502512563	0	0.00502512562814	0.72864321608	
0.0804020100503	0.0402010050251	0.105527638191	0.0251256281407	0.0201005025126	0.0402010050251	0.0150753768844	0	0.00502512562814	0.0100502512563	0.658291457286	
0.0603015075377	0.0301507537688	0.035175879397	0.0402010050251	0.0502512562814	0.0402010050251	0.0251256281407	0.0150753768844	0.00502512562814	0.0201005025126	0.678391959799	
0.0402010050251	0.0402010050251	0.0904522613065	0.035175879397	0.0502512562814	0.0301507537688	0.0100502512563	0.0150753768844	0	0.0100502512563	0.678391959799	
0.0402010050251	0.0201005025126	0.070351758794	0.0301507537688	0.0150753768844	0.0301507537688	0.0100502512563	0.00502512562814	0.0100502512563	0	0.768844221106	
0.0753768844221	0.0402010050251	0.070351758794	0.0150753768844	0.0301507537688	0.035175879397	0.0100502512563	0	0.0100502512563	0	0.713567839196	
0.0854271356784	0.0251256281407	0.0603015075377	0.0402010050251	0.0251256281407	0.0251256281407	0.00502512562814	0.0100502512563	0	0	0.723618090452	
0.0452261306533	0.0251256281407	0.0502512562814	0.0452261306533	0.035175879397	0.0100502512563	0.0201005025126	0.00502512562814	0.00502512562814	0.0100502512563	0.748743718593	
0.0804020100503	0.0301507537688	0.035175879397	0.0150753768844	0.0301507537688	0.0452261306533	0.0402010050251	0.0150753768844	0.0150753768844	0.00502512562814	0.688442211055	
0.0502512562814	0.035175879397	0.0552763819095	0.035175879397	0.0150753768844	0.0251256281407	0.00502512562814	0.0201005025126	0	0.00502512562814	0.753768844221	
0.0502512562814	0.0201005025126	0.0753768844221	0.0150753768844	0.0201005025126	0.0251256281407	0.0150753768844	0.0150753768844	0.00502512562814	0.0150753768844	0.743718592965	
0.0603015075377	0.0251256281407	0.0301507537688	0.0452261306533	0.0251256281407	0.0402010050251	0.0150753768844	0	0.00502512562814	0.0150753768844	0.738693467337	
0.0502512562814	0.0301507537688	0.0452261306533	0.0100502512563	0.0402010050251	0.0552763819095	0.0251256281407	0	0	0	0.743718592965	
0.0402010050251	0.035175879397	0.0653266331658	0.0251256281407	0.0301507537688	0.035175879397	0.0100502512563	0.0100502512563	0.00502512562814	0.0150753768844	0.72864321608	
0.035175879397	0.0251256281407	0.0603015075377	0.0251256281407	0.0201005025126	0.035175879397	0.0150753768844	0.0251256281407	0.00502512562814	0.0201005025126	0.733668341709	
0.0603015075377	0.0251256281407	0.0603015075377	0.0251256281407	0.0251256281407	0.0452261306533	0.0150753768844	0	0.00502512562814	0	0.738693467337	
0.0502512562814	0.0402010050251	0.0452261306533	0.035175879397	0.0251256281407	0.0201005025126	0.0150753768844	0.0201005025126	0.0201005025126	0.00502512562814	0.723618090452	
0.0653266331658	0.0502512562814	0.0301507537688	0.035175879397	0.0251256281407	0.035175879397	0.0100502512563	0.00502512562814	0	0	0.743718592965	
0.0502512562814	0.0552763819095	0.0502512562814	0.0552763819095	0.0201005025126	0.070351758794	0.00502512562814	0.0150753768844	0	0.00502512562814	0.673366834171	
0.0653266331658	0.0201005025126	0.0502512562814	0.0402010050251	0.035175879397	0.0402010050251	0	0.0150753768844	0.0150753768844	0.0100502512563	0.708542713568	
0.0653266331658	0.0301507537688	0.035175879397	0.035175879397	0.0251256281407	0.0301507537688	0	0.0150753768844	0.00502512562814	0.0100502512563	0.748743718593	
0.0804020100503	0.035175879397	0.0753768844221	0.0552763819095	0.0251256281407	0.0452261306533	0.0251256281407	0.0201005025126	0.00502512562814	0	0.633165829146	
0.0402010050251	0.00502512562814	0.0653266331658	0.0301507537688	0.0251256281407	0.0251256281407	0.0100502512563	0.0251256281407	0.00502512562814	0.00502512562814	0.763819095477	
0.0753768844221	0.035175879397	0.0502512562814	0.035175879397	0.0201005025126	0.0452261306533	0.0100502512563	0.0100502512563	0.00502512562814	0.00502512562814	0.708542713568	
0.0402010050251	0.0100502512563	0.070351758794	0.0201005025126	0.0100502512563	0.0201005025126	0.0150753768844	0.0100502512563	0	0	0.804020100503	
0.0603015075377	0.0301507537688	0.0854271356784	0.0251256281407	0.0301507537688	0.070351758794	0.0100502512563	0.00502512562814	0.00502512562814	0	0.678391959799	
0.0804020100503	0.0150753768844	0.0402010050251	0.0251256281407	0.0452261306533	0.0402010050251	0.0150753768844	0.0150753768844	0.00502512562814	0.0100502512563	0.708542713568	
0.0653266331658	0.0301507537688	0.0201005025126	0.035175879397	0.0201005025126	0.0201005025126	0.0150753768844	0.0100502512563	0.0100502512563	0.0100502512563	0.763819095477	
0.0603015075377	0.0452261306533	0.0502512562814	0.0251256281407	0.0502512562814	0.0402010050251	0.0201005025126	0.00502512562814	0.00502512562814	0.00502512562814	0.693467336683	
0.0552763819095	0.0301507537688	0.0603015075377	0.00502512562814	0.0251256281407	0.0251256281407	0.0100502512563	0.0201005025126	0	0	0.768844221106	
0.0854271356784	0.035175879397	0.0402010050251	0.0251256281407	0.0402010050251	0.035175879397	0.0150753768844	0.0251256281407	0	0	0.698492462312	
0.0301507537688	0.0251256281407	0.0502512562814	0.0402010050251	0.0402010050251	0.0402010050251	0.0251256281407	0.0201005025126	0.0100502512563	0.00502512562814	0.713567839196	
0.0954773869347	0.0301507537688	0.070351758794	0.0201005025126	0.0150753768844	0.0201005025126	0	0.0100502512563	0.0100502512563	0.00502512562814	0.723618090452	
0.0653266331658	0.035175879397	0.0552763819095	0.035175879397	0.035175879397	0.0150753768844	0.0201005025126	0.0100502512563	0.00502512562814	0.0150753768844	0.708542713568	
0.0804020100503	0.0201005025126	0.0452261306533	0.0251256281407	0.0301507537688	0.0502512562814	0.0201005025126	0.0100502512563	0.0100502512563	0.00502512562814	0.70351758794	
0.0552763819095	0.035175879397	0.0452261306533	0.0251256281407	0.0150753768844	0.0150753768844	0.0251256281407	0.0100502512563	0.00502512562814	0	0.768844221106	
0.0150753768844	0.0452261306533	0.070351758794	0.035175879397	0.035175879397	0.0201005025126	0.0150753768844	0.00502512562814	0	0	0.758793969849	
0	0.0301507537688	0.00502512562814	0.035175879397	0.0402010050251	0.0301507537688	0.0100502512563	0.0100502512563	0.00502512562814	0	0.834170854271	
0.0100502512563	0.0402010050251	0.00502512562814	0.035175879397	0.0301507537688	0.0100502512563	0.0201005025126	0.0100502512563	0.00502512562814	0.0150753768844	0.819095477387	
0	0.0552763819095	0	0.0150753768844	0.0150753768844	0.0603015075377	0.0150753768844	0.0100502512563	0	0.0100502512563	0.819095477387	
0	0	0	0.00502512562814	0.0502512562814	0.0301507537688	0.0201005025126	0.0100502512563	0.00502512562814	0	0.879396984925	
0.00502512562814	0	0.00502512562814	0.035175879397	0	0.0502512562814	0.0150753768844	0.0150753768844	0.0251256281407	0.00502512562814	0.844221105528	
0	0	0	0.035175879397	0.0201005025126	0.0653266331658	0	0.0100502512563	0.0100502512563	0.00502512562814	0.854271356784	
0	0	0	0.0150753768844	0.0301507537688	0.0100502512563	0.0100502512563	0.0100502512563	0.0100502512563	0.00502512562814	0.909547738693	
0.0603015075377	0.0201005025126	0.0502512562814	0.0301507537688	0.0402010050251	0.0402010050251	0.0150753768844	0.0150753768844	0	0.00502512562814	0.723618090452	
0.0854271356784	0.0603015075377	0.0753768844221	0.035175879397	0.0251256281407	0.0150753768844	0.0100502512563	0.0251256281407	0.00502512562814	0	0.663316582915	
0.0603015075377	0.0653266331658	0.0502512562814	0.0201005025126	0.0251256281407	0.0201005025126	0.0201005025126	0.00502512562814	0	0	0.733668341709	
0.0804020100503	0.0402010050251	0.0452261306533	0.0201005025126	0.0251256281407	0.0251256281407	0.0251256281407	0.0100502512563	0	0.00502512562814	0.723618090452	
0.0452261306533	0.0201005025126	0.0552763819095	0.0201005025126	0.0201005025126	0.0552763819095	0.0251256281407	0.0150753768844	0.0100502512563	0.0100502512563	0.723618090452	
0.0954773869347	0.0251256281407	0.0402010050251	0.0150753768844	0.0251256281407	0.0402010050251	0.0100502512563	0.0150753768844	0.00502512562814	0	0.72864321608	
0.100502512563	0.0452261306533	0.0552763819095	0.0301507537688	0.0301507537688	0.0301507537688	0.00502512562814	0	0.0100502512563	0.0100502512563	0.683417085427	
0.0753768844221	0.0552763819095	0.0201005025126	0.0201005025126	0.0402010050251	0.0552763819095	0	0.00502512562814	0.0150753768844	0.00502512562814	0.708542713568	
0.0552763819095	0.0251256281407	0.0502512562814	0.0402010050251	0.0150753768844	0.0452261306533	0.0201005025126	0.0100502512563	0.0150753768844	0.00502512562814	0.718592964824	
0.0603015075377	0.0301507537688	0.0502512562814	0.0301507537688	0.0251256281407	0.0402010050251	0.00502512562814	0.0251256281407	0.00502512562814	0.00502512562814	0.723618090452	
0.0804020100503	0.0100502512563	0.0653266331658	0.0301507537688	0.0452261306533	0.0201005025126	0.0251256281407	0.00502512562814	0.00502512562814	0	0.713567839196	
0.0452261306533	0.0301507537688	0.0653266331658	0.0201005025126	0.0201005025126	0.0100502512563	0.0251256281407	0.0100502512563	0	0.00502512562814	0.768844221106	
0.0804020100503	0.035175879397	0.0552763819095	0.00502512562814	0.0251256281407	0.0100502512563	0.00502512562814	0.00502512562814	0.0100502512563	0.0201005025126	0.748743718593	
0.0552763819095	0.0301507537688	0.070351758794	0.0402010050251	0.035175879397	0.0452261306533	0.0150753768844	0.0150753768844	0	0.00502512562814	0.688442211055	
0.0753768844221	0.0301507537688	0.0603015075377	0.0201005025126	0.0150753768844	0.0251256281407	0.00502512562814	0.0100502512563	0.00502512562814	0.00502512562814	0.748743718593	
0.0452261306533	0.0301507537688	0.0452261306533	0.0402010050251	0.035175879397	0.0201005025126	0.00502512562814	0.0100502512563	0.00502512562814	0.0100502512563	0.753768844221	
0.0452261306533	0.0552763819095	0.0804020100503	0.0301507537688	0.0201005025126	0.035175879397	0.0150753768844	0.0251256281407	0.00502512562814	0	0.688442211055	
0.0753768844221	0.0100502512563	0.0452261306533	0.035175879397	0.0100502512563	0.035175879397	0.00502512562814	0.00502512562814	0.0100502512563	0	0.768844221106	
0.0552763819095	0.0150753768844	0.035175879397	0.0251256281407	0.035175879397	0.035175879397	0.0100502512563	0.00502512562814	0.0100502512563	0.00502512562814	0.768844221106	
0.0804020100503	0.0301507537688	0.0753768844221	0.0251256281407	0.0201005025126	0.0402010050251	0.0150753768844	0.00502512562814	0.00502512562814	0.0100502512563	0.693467336683	
0.0954773869347	0.0301507537688	0.0854271356784	0.0301507537688	0.0502512562814	0.035175879397	0.00502512562814	0.0301507537688	0.00502512562814	0	0.633165829146	
0.0452261306533	0.0150753768844	0.0603015075377	0.0452261306533	0.0452261306533	0.0301507537688	0.0251256281407	0.00502512562814	0.00502512562814	0.0201005025126	0.70351758794	
0.0804020100503	0.0301507537688	0.0653266331658	0.0402010050251	0.0251256281407	0.0201005025126	0.0150753768844	0.0150753768844	0	0.00502512562814	0.70351758794	
0.0904522613065	0.0201005025126	0.0552763819095	0.0201005025126	0.0150753768844	0.035175879397	0.0150753768844	0.0100502512563	0.0100502512563	0.0100502512563	0.718592964824	
0.0753768844221	0.0201005025126	0.0854271356784	0.0150753768844	0.0201005025126	0.0251256281407	0.0100502512563	0.0251256281407	0.0100502512563	0.00502512562814	0.708542713568	
0.0150753768844	0.0201005025126	0.0753768844221	0.035175879397	0.0301507537688	0.0100502512563	0.00502512562814	0.00502512562814	0	0.0100502512563	0.793969849246	
0.0854271356784	0.0552763819095	0.0653266331658	0.0251256281407	0.0251256281407	0.0402010050251	0.00502512562814	0	0.00502512562814	0.0150753768844	0.678391959799	
0.0603015075377	0.0150753768844	0.0854271356784	0.0301507537688	0.0301507537688	0.0653266331658	0.0150753768844	0.0100502512563	0.00502512562814	0.0100502512563	0.673366834171	
0.0854271356784	0.0452261306533	0.070351758794	0.00502512562814	0.0150753768844	0.0603015075377	0.0251256281407	0.0201005025126	0	0.0100502512563	0.663316582915	
0.110552763819	0.0100502512563	0.0301507537688	0.0150753768844	0.00502512562814	0.0100502512563	0.0150753768844	0.0201005025126	0.0150753768844	0	0.768844221106	
0.0402010050251	0.0201005025126	0.100502512563	0.0150753768844	0.0402010050251	0.0201005025126	0.0150753768844	0.0150753768844	0	0	0.733668341709	
0.0653266331658	0.0100502512563	0.0653266331658	0.0150753768844	0.0402010050251	0.0150753768844	0.0301507537688	0.0150753768844	0.00502512562814	0.00502512562814	0.733668341709	
0.0653266331658	0.0402010050251	0.0854271356784	0.0150753768844	0.0301507537688	0.0100502512563	0.0100502512563	0.0150753768844	0.0100502512563	0	0.718592964824	
0.070351758794	0.0251256281407	0.0603015075377	0.0251256281407	0.0150753768844	0.0251256281407	0.0251256281407	0	0.0100502512563	0.0100502512563	0.733668341709	
0.0653266331658	0.0452261306533	0.035175879397	0.0402010050251	0.0251256281407	0.0201005025126	0.0100502512563	0.0100502512563	0.0251256281407	0	0.723618090452	
0.0603015075377	0.035175879397	0.0452261306533	0.0251256281407	0.0402010050251	0.035175879397	0.0201005025126	0.0100502512563	0	0.0201005025126	0.708542713568	
0.0603015075377	0.035175879397	0.0502512562814	0.0100502512563	0.0301507537688	0.0301507537688	0.0301507537688	0.0150753768844	0.00502512562814	0.00502512562814	0.72864321608	
0.0804020100503	0.0251256281407	0.0452261306533	0.0201005025126	0.0201005025126	0.0452261306533	0.0251256281407	0.00502512562814	0.00502512562814	0.00502512562814	0.723618090452	
0.0452261306533	0.0552763819095	0.0552763819095	0.0251256281407	0.0301507537688	0.035175879397	0.0150753768844	0.0201005025126	0.0150753768844	0.00502512562814	0.698492462312	
0.070351758794	0.0301507537688	0.0603015075377	0.0301507537688	0.0251256281407	0.035175879397	0.00502512562814	0.0251256281407	0	0.00502512562814	0.713567839196	
0.035175879397	0.035175879397	0.0653266331658	0.0452261306533	0.0100502512563	0.0552763819095	0.00502512562814	0.0100502512563	0.0100502512563	0.00502512562814	0.723618090452	
0.0603015075377	0.035175879397	0.035175879397	0.0251256281407	0.0502512562814	0.0552763819095	0.0100502512563	0.00502512562814	0.00502512562814	0	0.718592964824	
0.0653266331658	0.0402010050251	0.0753768844221	0.0150753768844	0.0201005025126	0.0251256281407	0.0251256281407	0.00502512562814	0.0150753768844	0.00502512562814	0.708542713568	
0.0904522613065	0.0402010050251	0.035175879397	0.0150753768844	0.035175879397	0.0603015075377	0.0150753768844	0.0100502512563	0.0100502512563	0.0150753768844	0.673366834171	
0.035175879397	0.0251256281407	0.0603015075377	0.0251256281407	0.0402010050251	0.0201005025126	0.0251256281407	0.0100502512563	0.00502512562814	0.00502512562814	0.748743718593	
0.0904522613065	0.0150753768844	0.0452261306533	0.0100502512563	0.0251256281407	0.035175879397	0.035175879397	0.0100502512563	0.0100502512563	0.0100502512563	0.713567839196	
0.0854271356784	0.0150753768844	0.0653266331658	0.035175879397	0.0402010050251	0.0452261306533	0.0301507537688	0.0150753768844	0	0	0.668341708543	
0.0653266331658	0.0251256281407	0.0552763819095	0.0251256281407	0.0402010050251	0.0100502512563	0.0150753768844	0.0251256281407	0	0.00502512562814	0.733668341709	
0.0552763819095	0.0251256281407	0.070351758794	0.0251256281407	0.0100502512563	0.0201005025126	0.00502512562814	0.0100502512563	0.0100502512563	0	0.768844221106	
0.0804020100503	0.0301507537688	0.0502512562814	0.0150753768844	0.035175879397	0.0301507537688	0.0150753768844	0.0100502512563	0.00502512562814	0.00502512562814	0.723618090452	
0.0452261306533	0.0301507537688	0.0653266331658	0.0452261306533	0.035175879397	0.0201005025126	0.00502512562814	0.0100502512563	0.0150753768844	0.00502512562814	0.723618090452	
0.070351758794	0.0251256281407	0.0552763819095	0.0251256281407	0.0150753768844	0.0150753768844	0.0301507537688	0.035175879397	0.0100502512563	0	0.718592964824	
0.0603015075377	0.0653266331658	0.070351758794	0.0301507537688	0.0150753768844	0.0201005025126	0.0150753768844	0	0.00502512562814	0.0100502512563	0.708542713568	
0.0753768844221	0.035175879397	0.0452261306533	0.0201005025126	0.0150753768844	0.035175879397	0.00502512562814	0.0150753768844	0.00502512562814	0.0100502512563	0.738693467337	
0.0653266331658	0.0502512562814	0.0201005025126	0.035175879397	0.035175879397	0.035175879397	0.0150753768844	0	0.0201005025126	0.00502512562814	0.718592964824	
0.0301507537688	0.0201005025126	0.0753768844221	0.0201005025126	0.0502512562814	0.0402010050251	0.0100502512563	0.0201005025126	0	0.0150753768844	0.718592964824	
0.0552763819095	0.0502512562814	0.0502512562814	0.0201005025126	0.0150753768844	0.035175879397	0.0251256281407	0.0100502512563	0.00502512562814	0.00502512562814	0.72864321608	
0.0904522613065	0.0402010050251	0.0502512562814	0.0301507537688	0.0201005025126	0.0100502512563	0.0201005025126	0.0100502512563	0.00502512562814	0.00502512562814	0.718592964824	
0.0502512562814	0.0603015075377	0.0402010050251	0.0201005025126	0.0251256281407	0.0251256281407	0.0150753768844	0.00502512562814	0	0.0100502512563	0.748743718593	
0.100502512563	0.0402010050251	0.0804020100503	0.0251256281407	0.0201005025126	0.0150753768844	0.0201005025126	0.0150753768844	0.0201005025126	0	0.663316582915	
0.105527638191	0.0251256281407	0.0502512562814	0.0201005025126	0.0452261306533	0.0251256281407	0.0100502512563	0.00502512562814	0.0150753768844	0.00502512562814	0.693467336683	
0.0854271356784	0.035175879397	0.0653266331658	0.0402010050251	0.0150753768844	0.0201005025126	0.0100502512563	0.0100502512563	0.0100502512563	0.0150753768844	0.693467336683	
0.0603015075377	0.0603015075377	0.0502512562814	0.0301507537688	0.0301507537688	0.0150753768844	0.0150753768844	0.0201005025126	0	0.0251256281407	0.693467336683	
0.0502512562814	0.0452261306533	0.0452261306533	0.0301507537688	0.0251256281407	0.0402010050251	0.0301507537688	0.0100502512563	0.00502512562814	0.0100502512563	0.708542713568	
0.0854271356784	0.035175879397	0.0452261306533	0.0100502512563	0.0251256281407	0.0251256281407	0.0150753768844	0.0100502512563	0.00502512562814	0.0100502512563	0.733668341709	
0.0452261306533	0.035175879397	0.0804020100503	0.0301507537688	0.0301507537688	0.0301507537688	0.0251256281407	0.0201005025126	0.0201005025126	0	0.683417085427	
0.100502512563	0.035175879397	0.035175879397	0.0251256281407	0.0150753768844	0.0251256281407	0.0251256281407	0.00502512562814	0.00502512562814	0.0100502512563	0.718592964824	
0.0603015075377	0.0402010050251	0.0552763819095	0.0201005025126	0.0150753768844	0.0301507537688	0.0150753768844	0.0150753768844	0.00502512562814	0.00502512562814	0.738693467337	
0.0854271356784	0.0150753768844	0.0653266331658	0.0301507537688	0.035175879397	0.0201005025126	0.0100502512563	0.0100502512563	0.0100502512563	0	0.718592964824	
0.0653266331658	0.0452261306533	0.0854271356784	0.0502512562814	0.0251256281407	0.0201005025126	0.0251256281407	0.0201005025126	0.00502512562814	0	0.658291457286	
0.0653266331658	0.0100502512563	0.0402010050251	0.0402010050251	0.0452261306533	0.0201005025126	0.0201005025126	0.0150753768844	0.00502512562814	0.0150753768844	0.723618090452	
0.0653266331658	0.0301507537688	0.0653266331658	0.0251256281407	0.0201005025126	0.0552763819095	0.0100502512563	0.0150753768844	0.0100502512563	0.00502512562814	0.698492462312	
0.0854271356784	0.0201005025126	0.0653266331658	0.0402010050251	0.0251256281407	0.0301507537688	0.0150753768844	0.0150753768844	0.0201005025126	0	0.683417085427	
0.070351758794	0.0251256281407	0.0502512562814	0.0301507537688	0.035175879397	0.00502512562814	0.0150753768844	0.0251256281407	0.00502512562814	0.00502512562814	0.733668341709	
0.070351758794	0.0100502512563	0.0603015075377	0.0301507537688	0.00502512562814	0.0552763819095	0.0201005025126	0.00502512562814	0	0	0.743718592965	
0.0502512562814	0.0201005025126	0.0552763819095	0.035175879397	0.0201005025126	0.0251256281407	0.0251256281407	0.0100502512563	0	0.0100502512563	0.748743718593	
0.0854271356784	0.0301507537688	0.0502512562814	0.0301507537688	0.035175879397	0.00502512562814	0.0100502512563	0.0150753768844	0.00502512562814	0	0.733668341709	
0.0804020100503	0.0402010050251	0.0804020100503	0.0301507537688	0.0402010050251	0.0201005025126	0.0100502512563	0.0251256281407	0.00502512562814	0	0.668341708543	
0.0502512562814	0.0452261306533	0.0452261306533	0.0452261306533	0.0301507537688	0.0402010050251	0.0150753768844	0.0201005025126	0.00502512562814	0.0150753768844	0.688442211055	
0.0653266331658	0.00502512562814	0.0653266331658	0.00502512562814	0.0100502512563	0.0552763819095	0.0150753768844	0.0150753768844	0.00502512562814	0.0100502512563	0.748743718593	
0.0603015075377	0.0402010050251	0.0804020100503	0.0502512562814	0.0251256281407	0.0402010050251	0.0502512562814	0.00502512562814	0.00502512562814	0.0150753768844	0.628140703518	
0.0653266331658	0.0502512562814	0.0753768844221	0.00502512562814	0.0201005025126	0.0452261306533	0.0251256281407	0.0201005025126	0.00502512562814	0.00502512562814	0.683417085427	
0.0502512562814	0.035175879397	0.0402010050251	0.0452261306533	0.00502512562814	0.0301507537688	0.00502512562814	0.0150753768844	0	0	0.773869346734	
0.0804020100503	0.0301507537688	0.0502512562814	0.0402010050251	0.0251256281407	0.0201005025126	0.00502512562814	0	0.00502512562814	0.00502512562814	0.738693467337	
0.0502512562814	0.0452261306533	0.0402010050251	0.0301507537688	0.0150753768844	0.0100502512563	0.0100502512563	0.0150753768844	0	0.0100502512563	0.773869346734	
0.0653266331658	0.035175879397	0.0402010050251	0.0251256281407	0.035175879397	0.0100502512563	0.0402010050251	0.00502512562814	0.00502512562814	0	0.738693467337	
0.0603015075377	0.0402010050251	0.0603015075377	0.00502512562814	0.0452261306533	0.0452261306533	0.0301507537688	0.00502512562814	0.00502512562814	0.00502512562814	0.698492462312	
0.0552763819095	0.0201005025126	0.0452261306533	0.0251256281407	0.0150753768844	0.035175879397	0.0100502512563	0.0201005025126	0	0.0100502512563	0.763819095477	
0.0502512562814	0.0452261306533	0.035175879397	0.0402010050251	0.035175879397	0.0251256281407	0.0201005025126	0.0100502512563	0.00502512562814	0	0.733668341709	
0.0804020100503	0.0251256281407	0.0603015075377	0.0201005025126	0.0100502512563	0.0402010050251	0.0201005025126	0.0251256281407	0.0100502512563	0.0100502512563	0.698492462312	
0.0552763819095	0.0251256281407	0.035175879397	0.0150753768844	0.0301507537688	0.0251256281407	0.0150753768844	0.0150753768844	0	0.00502512562814	0.778894472362	
0.0854271356784	0.0301507537688	0.0653266331658	0.0452261306533	0.0100502512563	0.0251256281407	0.00502512562814	0.00502512562814	0.00502512562814	0	0.723618090452	
0.0653266331658	0.035175879397	0.0603015075377	0.0301507537688	0.0201005025126	0.0251256281407	0.0100502512563	0.00502512562814	0.0150753768844	0	0.733668341709	
0.0452261306533	0.0251256281407	0.0653266331658	0.0150753768844	0.0402010050251	0.0402010050251	0.00502512562814	0.0150753768844	0	0.00502512562814	0.743718592965	
0.0804020100503	0.0301507537688	0.035175879397	0.0150753768844	0.035175879397	0.035175879397	0.0100502512563	0.00502512562814	0.00502512562814	0.0100502512563	0.738693467337	
0.0452261306533	0.0552763819095	0.0603015075377	0.0201005025126	0.0552763819095	0.0552763819095	0.0251256281407	0.00502512562814	0	0.00502512562814	0.673366834171	
0.0603015075377	0.035175879397	0.0502512562814	0.0201005025126	0.0502512562814	0.0201005025126	0.0100502512563	0.0150753768844	0.0201005025126	0.00502512562814	0.713567839196	
0.070351758794	0.0452261306533	0.0904522613065	0.035175879397	0.0552763819095	0.0402010050251	0.0100502512563	0	0.0100502512563	0	0.643216080402	
0.100502512563	0.0301507537688	0.0552763819095	0.0603015075377	0.035175879397	0.0402010050251	0.0100502512563	0.00502512562814	0.0150753768844	0.0100502512563	0.638190954774	
0.070351758794	0.0452261306533	0.0552763819095	0.0150753768844	0.0452261306533	0.0251256281407	0.0201005025126	0.0100502512563	0.0150753768844	0	0.698492462312	
0.0502512562814	0.0100502512563	0.0854271356784	0.0301507537688	0.0402010050251	0.0552763819095	0.0251256281407	0.0201005025126	0.0150753768844	0	0.668341708543	
0.0452261306533	0.0502512562814	0.0301507537688	0.0502512562814	0.0301507537688	0.035175879397	0.0201005025126	0.00502512562814	0.00502512562814	0.0100502512563	0.718592964824	
0.0653266331658	0.0201005025126	0.0402010050251	0.0452261306533	0.0100502512563	0.0251256281407	0.0251256281407	0.0100502512563	0	0.0251256281407	0.733668341709	
0.0552763819095	0.0452261306533	0.0603015075377	0.0201005025126	0.0201005025126	0.035175879397	0.035175879397	0.0100502512563	0.0150753768844	0	0.70351758794	
0.070351758794	0.0452261306533	0.0603015075377	0.0402010050251	0.0301507537688	0.035175879397	0.00502512562814	0.0100502512563	0	0	0.70351758794	
0.0552763819095	0.0251256281407	0.0804020100503	0.0201005025126	0.0100502512563	0.0452261306533	0.00502512562814	0.0150753768844	0.0100502512563	0	0.733668341709	
0.0904522613065	0.035175879397	0.070351758794	0.0402010050251	0.035175879397	0.0251256281407	0.0452261306533	0.0201005025126	0.00502512562814	0	0.633165829146	
0.0502512562814	0.0552763819095	0.0452261306533	0.035175879397	0.0150753768844	0.0201005025126	0.0201005025126	0.0150753768844	0.0100502512563	0.0100502512563	0.723618090452	
0.0452261306533	0.0301507537688	0.070351758794	0.035175879397	0.0100502512563	0.0552763819095	0.00502512562814	0.0100502512563	0.0100502512563	0	0.72864321608	
0.105527638191	0.0100502512563	0.0402010050251	0.0452261306533	0.0251256281407	0.0251256281407	0.0100502512563	0.00502512562814	0.00502512562814	0	0.72864321608	
0.0402010050251	0.035175879397	0.0552763819095	0.035175879397	0.0100502512563	0.0201005025126	0.035175879397	0.0100502512563	0.0100502512563	0.00502512562814	0.743718592965	
0.0502512562814	0.0201005025126	0.0452261306533	0.0251256281407	0.0452261306533	0.0150753768844	0.035175879397	0.0201005025126	0	0.00502512562814	0.738693467337	
0.0753768844221	0.0251256281407	0.0502512562814	0.0402010050251	0.0301507537688	0.0552763819095	0.0251256281407	0.0100502512563	0	0.00502512562814	0.683417085427	
0.0804020100503	0.0201005025126	0.0502512562814	0.0251256281407	0.0251256281407	0.0502512562814	0.0251256281407	0.0100502512563	0.00502512562814	0.0100502512563	0.698492462312	
