0.0653594771242	0.0326797385621	0.0392156862745	0.0653594771242	0.00653594771242	0.0130718954248	0.0261437908497	0.0196078431373	0.00653594771242	0.0326797385621	0.692810457516	
0.078431372549	0.0980392156863	0.0522875816993	0.0849673202614	0.0522875816993	0.0261437908497	0.0130718954248	0.0130718954248	0	0.00653594771242	0.575163398693	
0.078431372549	0.0196078431373	0.0392156862745	0.0653594771242	0.0392156862745	0.0261437908497	0.0326797385621	0.00653594771242	0	0.0130718954248	0.679738562092	
0.0522875816993	0.0653594771242	0	0.0849673202614	0.0196078431373	0.0457516339869	0.0261437908497	0.0130718954248	0.00653594771242	0.00653594771242	0.679738562092	
0.0980392156863	0.0392156862745	0.0326797385621	0.0522875816993	0.0326797385621	0.0392156862745	0.0130718954248	0.0196078431373	0.0261437908497	0.00653594771242	0.640522875817	
0.0522875816993	0.0522875816993	0.0326797385621	0.0457516339869	0.0196078431373	0.0130718954248	0.0196078431373	0.0130718954248	0.0130718954248	0.0196078431373	0.718954248366	
0.0718954248366	0.0915032679739	0.0261437908497	0.0588235294118	0.0196078431373	0.0457516339869	0.0261437908497	0.00653594771242	0.0130718954248	0.0130718954248	0.627450980392	
0.0457516339869	0.0588235294118	0.078431372549	0.0718954248366	0.0392156862745	0.0196078431373	0.0457516339869	0.0130718954248	0.0130718954248	0.0130718954248	0.601307189542	
0.0718954248366	0.0522875816993	0.0196078431373	0.0653594771242	0.00653594771242	0.0196078431373	0.0326797385621	0.0392156862745	0.00653594771242	0.0130718954248	0.673202614379	
0.0457516339869	0.0522875816993	0.0326797385621	0.0522875816993	0.0457516339869	0.0653594771242	0.0261437908497	0.0130718954248	0	0.0130718954248	0.653594771242	
0.0915032679739	0.0588235294118	0.0326797385621	0.0588235294118	0.0261437908497	0.0457516339869	0.0196078431373	0.00653594771242	0	0.0130718954248	0.647058823529	
0.0522875816993	0.0261437908497	0.0522875816993	0.0457516339869	0	0.0326797385621	0	0.00653594771242	0.00653594771242	0.00653594771242	0.771241830065	
0.0653594771242	0.0522875816993	0.0588235294118	0.0718954248366	0.00653594771242	0.0392156862745	0.0196078431373	0.0392156862745	0.0130718954248	0.0261437908497	0.607843137255	
0.078431372549	0.0392156862745	0.0588235294118	0.0457516339869	0.0130718954248	0.0130718954248	0.0196078431373	0.0261437908497	0.0196078431373	0.0130718954248	0.673202614379	
0.0653594771242	0.0457516339869	0.0261437908497	0.0392156862745	0.0392156862745	0.0261437908497	0	0.0130718954248	0.00653594771242	0.0130718954248	0.725490196078	
0.0718954248366	0.078431372549	0.0392156862745	0.0392156862745	0.0196078431373	0.0130718954248	0.00653594771242	0.0196078431373	0.0130718954248	0.0196078431373	0.679738562092	
0.0326797385621	0.0653594771242	0.0457516339869	0.0653594771242	0.0261437908497	0.0196078431373	0.0261437908497	0.0196078431373	0	0.0261437908497	0.673202614379	
0.0392156862745	0.0718954248366	0.0457516339869	0.0522875816993	0.0588235294118	0.0326797385621	0.0130718954248	0.0261437908497	0.00653594771242	0.00653594771242	0.647058823529	
0.0718954248366	0.0588235294118	0.0392156862745	0.0588235294118	0.0130718954248	0.0588235294118	0.0130718954248	0.0196078431373	0	0.0130718954248	0.653594771242	
0.0588235294118	0.0457516339869	0.0326797385621	0.0522875816993	0.0196078431373	0.0326797385621	0.0261437908497	0.0130718954248	0.00653594771242	0	0.712418300654	
0.078431372549	0.078431372549	0.0457516339869	0.0392156862745	0.0392156862745	0.0457516339869	0.0196078431373	0.0457516339869	0.00653594771242	0.00653594771242	0.59477124183	
0.0653594771242	0.0261437908497	0.0457516339869	0.0457516339869	0.0196078431373	0.0261437908497	0.0130718954248	0.0196078431373	0.00653594771242	0.00653594771242	0.725490196078	
0.0588235294118	0.0392156862745	0.0261437908497	0.0980392156863	0.0261437908497	0.0130718954248	0.0261437908497	0.0130718954248	0.00653594771242	0.0130718954248	0.679738562092	
0.0849673202614	0.0718954248366	0.0261437908497	0.0457516339869	0.0326797385621	0.0392156862745	0.0130718954248	0.0196078431373	0.00653594771242	0.00653594771242	0.653594771242	
0.0522875816993	0.0653594771242	0.0326797385621	0.0392156862745	0.0588235294118	0.0392156862745	0.0196078431373	0.0261437908497	0.00653594771242	0.0130718954248	0.647058823529	
0.0653594771242	0.0261437908497	0.0196078431373	0.0588235294118	0.0261437908497	0.0326797385621	0.0392156862745	0.0130718954248	0.0130718954248	0	0.705882352941	
0.0522875816993	0.0392156862745	0.0261437908497	0.0588235294118	0.0196078431373	0.0261437908497	0.0261437908497	0.00653594771242	0.0130718954248	0.0196078431373	0.712418300654	
0.0522875816993	0.0915032679739	0.0392156862745	0.0261437908497	0.0326797385621	0.0130718954248	0.0261437908497	0.0130718954248	0.00653594771242	0.00653594771242	0.692810457516	
0.0522875816993	0.0522875816993	0.0196078431373	0.0588235294118	0.0261437908497	0.0196078431373	0.0326797385621	0.0261437908497	0.00653594771242	0.0196078431373	0.686274509804	
0.0718954248366	0.0718954248366	0.00653594771242	0.0588235294118	0.0326797385621	0.0326797385621	0.0196078431373	0	0.00653594771242	0.0196078431373	0.679738562092	
0.0326797385621	0.0522875816993	0.00653594771242	0.078431372549	0.0261437908497	0.0457516339869	0.00653594771242	0.0261437908497	0.0130718954248	0.0130718954248	0.699346405229	
0.0588235294118	0.0522875816993	0.0326797385621	0.00653594771242	0.0196078431373	0.0849673202614	0.00653594771242	0.0261437908497	0.0130718954248	0.0130718954248	0.686274509804	
0.0326797385621	0.0196078431373	0.0457516339869	0.0522875816993	0.0130718954248	0.0392156862745	0.0196078431373	0.0261437908497	0.00653594771242	0.0130718954248	0.732026143791	
0.0392156862745	0.0392156862745	0.0196078431373	0.0196078431373	0.0261437908497	0.0196078431373	0.0130718954248	0.0130718954248	0	0	0.81045751634	
0.0588235294118	0.104575163399	0.0196078431373	0.0457516339869	0.00653594771242	0.0522875816993	0.0261437908497	0.0196078431373	0	0	0.666666666667	
0.0326797385621	0.0588235294118	0.0130718954248	0.0457516339869	0.0326797385621	0.0653594771242	0.0196078431373	0.0130718954248	0.0130718954248	0.00653594771242	0.699346405229	
0.0653594771242	0.0653594771242	0.0130718954248	0.0326797385621	0.0196078431373	0.0261437908497	0.0196078431373	0.0196078431373	0.00653594771242	0.0196078431373	0.712418300654	
0.0849673202614	0.0457516339869	0.0522875816993	0.0522875816993	0.0196078431373	0.0588235294118	0.0261437908497	0.0130718954248	0.0130718954248	0.0196078431373	0.614379084967	
0.0849673202614	0.0130718954248	0.0326797385621	0.0196078431373	0.0261437908497	0.0130718954248	0.00653594771242	0.00653594771242	0	0.0130718954248	0.78431372549	
0.078431372549	0.0392156862745	0.0261437908497	0.0522875816993	0.0326797385621	0.0588235294118	0.0261437908497	0.0196078431373	0.00653594771242	0	0.660130718954	
0.0522875816993	0.0196078431373	0.0130718954248	0.0849673202614	0.0261437908497	0.0261437908497	0.0261437908497	0.0130718954248	0.0130718954248	0.0326797385621	0.692810457516	
0.0522875816993	0.0653594771242	0.0392156862745	0.0326797385621	0.00653594771242	0.00653594771242	0.0326797385621	0.0130718954248	0	0.00653594771242	0.745098039216	
0.0326797385621	0.0326797385621	0.0392156862745	0.078431372549	0.0261437908497	0.0261437908497	0.0196078431373	0.0261437908497	0.00653594771242	0.00653594771242	0.705882352941	
0.111111111111	0.0588235294118	0.0326797385621	0.0326797385621	0.0522875816993	0.0261437908497	0.0130718954248	0.00653594771242	0	0.00653594771242	0.660130718954	
0.0261437908497	0.0457516339869	0.0392156862745	0.0261437908497	0.0130718954248	0.0457516339869	0.0196078431373	0.0261437908497	0	0.0522875816993	0.705882352941	
0.0718954248366	0.0392156862745	0.0588235294118	0.0718954248366	0.0261437908497	0.0326797385621	0.0261437908497	0.0261437908497	0	0.00653594771242	0.640522875817	
0.0718954248366	0.0522875816993	0.0457516339869	0.0392156862745	0.0326797385621	0.0326797385621	0	0.0196078431373	0.00653594771242	0.00653594771242	0.692810457516	
0.0588235294118	0.0457516339869	0.0196078431373	0.0588235294118	0.0326797385621	0.0130718954248	0.0130718954248	0.00653594771242	0.00653594771242	0	0.745098039216	
0.0718954248366	0.0915032679739	0.0457516339869	0.0392156862745	0.0326797385621	0.0392156862745	0	0.0130718954248	0.0130718954248	0.0326797385621	0.62091503268	
0.0522875816993	0.0653594771242	0.0392156862745	0.0653594771242	0.0326797385621	0.0196078431373	0.0326797385621	0.0326797385621	0.00653594771242	0	0.653594771242	
0.0588235294118	0.0849673202614	0.0130718954248	0.0457516339869	0.0261437908497	0.0457516339869	0.0196078431373	0.00653594771242	0.0130718954248	0	0.686274509804	
0.0588235294118	0.0588235294118	0.0261437908497	0.0457516339869	0.0130718954248	0.0196078431373	0.00653594771242	0.0130718954248	0.00653594771242	0.00653594771242	0.745098039216	
0.0326797385621	0.0653594771242	0.0261437908497	0.0849673202614	0.0261437908497	0.0849673202614	0.0196078431373	0.0130718954248	0.0130718954248	0	0.633986928105	
0.0130718954248	0.0326797385621	0.0392156862745	0.0522875816993	0.0261437908497	0.00653594771242	0.0196078431373	0.0261437908497	0.0130718954248	0.0196078431373	0.751633986928	
0.0457516339869	0.0653594771242	0.0392156862745	0.0653594771242	0.0326797385621	0.0261437908497	0.0196078431373	0.0392156862745	0	0.0326797385621	0.633986928105	
0.0457516339869	0.0326797385621	0.0261437908497	0.0718954248366	0.0522875816993	0.0326797385621	0.0457516339869	0.0130718954248	0.0130718954248	0.0326797385621	0.633986928105	
0.0522875816993	0.0457516339869	0.0326797385621	0.0261437908497	0.0196078431373	0.0196078431373	0	0.0196078431373	0.0130718954248	0.0130718954248	0.758169934641	
0.0392156862745	0.0457516339869	0.0392156862745	0.0457516339869	0.0196078431373	0.0326797385621	0.0326797385621	0.0326797385621	0	0.0261437908497	0.686274509804	
0.0718954248366	0.0718954248366	0.0261437908497	0.0326797385621	0.0326797385621	0.0196078431373	0.0196078431373	0.0196078431373	0.00653594771242	0.00653594771242	0.692810457516	
0.0915032679739	0.0261437908497	0.0130718954248	0.0196078431373	0.0457516339869	0.0130718954248	0.0130718954248	0.0261437908497	0	0.00653594771242	0.745098039216	
0.0130718954248	0.0326797385621	0.0326797385621	0.0718954248366	0.00653594771242	0.0457516339869	0.0196078431373	0.0196078431373	0	0.0196078431373	0.738562091503	
0.0326797385621	0.0261437908497	0.0326797385621	0.0326797385621	0.0326797385621	0.0522875816993	0.0196078431373	0.0196078431373	0.00653594771242	0.00653594771242	0.738562091503	
0.0522875816993	0.0457516339869	0.0457516339869	0.00653594771242	0.0261437908497	0.0261437908497	0.0196078431373	0.00653594771242	0.0130718954248	0.0196078431373	0.738562091503	
0.0457516339869	0.0718954248366	0.0196078431373	0.0326797385621	0.00653594771242	0.0261437908497	0.0130718954248	0.0130718954248	0	0.0196078431373	0.751633986928	
0.0522875816993	0.0392156862745	0.0326797385621	0.0392156862745	0.0196078431373	0.00653594771242	0.0392156862745	0.0130718954248	0.00653594771242	0.0457516339869	0.705882352941	
0.0522875816993	0.0588235294118	0.0522875816993	0.0457516339869	0.0326797385621	0.0130718954248	0	0.0130718954248	0.0196078431373	0.0130718954248	0.699346405229	
0.0326797385621	0.0457516339869	0.0130718954248	0.0130718954248	0.0196078431373	0.0196078431373	0.0130718954248	0.0130718954248	0.00653594771242	0.00653594771242	0.816993464052	
0.0326797385621	0.0261437908497	0.0196078431373	0.0653594771242	0.0196078431373	0.0326797385621	0.0196078431373	0.00653594771242	0.0196078431373	0	0.758169934641	
0.0522875816993	0.0522875816993	0.0457516339869	0.0457516339869	0.0326797385621	0.0130718954248	0.0196078431373	0.0261437908497	0.00653594771242	0.0196078431373	0.686274509804	
0.0457516339869	0.0130718954248	0.0261437908497	0.0915032679739	0.0261437908497	0.0196078431373	0.0392156862745	0.0392156862745	0.00653594771242	0.0261437908497	0.666666666667	
0.0718954248366	0.0457516339869	0.0261437908497	0.0196078431373	0.0588235294118	0.0392156862745	0.00653594771242	0.00653594771242	0.00653594771242	0.00653594771242	0.712418300654	
0.0653594771242	0.0196078431373	0.0326797385621	0.0588235294118	0.0196078431373	0.0522875816993	0.0392156862745	0.00653594771242	0.0130718954248	0.0196078431373	0.673202614379	
0.0196078431373	0.0588235294118	0.0196078431373	0.0457516339869	0.0326797385621	0.0130718954248	0.0196078431373	0.0196078431373	0	0.0196078431373	0.751633986928	
0.0522875816993	0.0522875816993	0.0392156862745	0.0392156862745	0.0261437908497	0.0261437908497	0.0457516339869	0	0	0.00653594771242	0.712418300654	
0.0653594771242	0.0392156862745	0.0130718954248	0.0588235294118	0.00653594771242	0.0261437908497	0.0130718954248	0.00653594771242	0	0.0196078431373	0.751633986928	
0.0457516339869	0.0457516339869	0.0653594771242	0.0392156862745	0.0326797385621	0.0261437908497	0.0261437908497	0.0196078431373	0.0196078431373	0.00653594771242	0.673202614379	
0.0653594771242	0.0196078431373	0.0130718954248	0.0326797385621	0.0196078431373	0.0326797385621	0.0326797385621	0.00653594771242	0.0130718954248	0.0196078431373	0.745098039216	
0.0522875816993	0.0392156862745	0.0196078431373	0.0392156862745	0.0261437908497	0.0261437908497	0.0130718954248	0.00653594771242	0.0130718954248	0.0196078431373	0.745098039216	
0.0457516339869	0.0326797385621	0.00653594771242	0.0392156862745	0.0196078431373	0.0196078431373	0.0130718954248	0.0261437908497	0.0130718954248	0.00653594771242	0.777777777778	
0.0653594771242	0.0653594771242	0.0326797385621	0.0653594771242	0.0457516339869	0.0196078431373	0.0392156862745	0.00653594771242	0	0.00653594771242	0.653594771242	
0.0457516339869	0.0326797385621	0.0261437908497	0.0522875816993	0.0457516339869	0.0130718954248	0.0130718954248	0.0261437908497	0.0130718954248	0.0130718954248	0.718954248366	
0.0457516339869	0.0522875816993	0.0457516339869	0.0457516339869	0.0326797385621	0.0130718954248	0	0.00653594771242	0.0130718954248	0.0196078431373	0.725490196078	
0.0392156862745	0.0326797385621	0.078431372549	0.0522875816993	0.00653594771242	0.0261437908497	0.0261437908497	0.0196078431373	0.00653594771242	0.0196078431373	0.692810457516	
0.0522875816993	0.0522875816993	0.0522875816993	0.0522875816993	0.0326797385621	0.0457516339869	0.0130718954248	0.00653594771242	0.0130718954248	0.00653594771242	0.673202614379	
0.0588235294118	0.0522875816993	0.0326797385621	0.0326797385621	0.0196078431373	0.00653594771242	0.0522875816993	0.0196078431373	0.0326797385621	0.0196078431373	0.673202614379	
0.0980392156863	0.0522875816993	0.0261437908497	0.0522875816993	0.00653594771242	0.0196078431373	0.00653594771242	0.0326797385621	0	0.0130718954248	0.692810457516	
0.0457516339869	0.0326797385621	0.0326797385621	0.0392156862745	0.0392156862745	0.0130718954248	0.0130718954248	0.0130718954248	0.00653594771242	0.0196078431373	0.745098039216	
0.0522875816993	0.0457516339869	0.0392156862745	0.0196078431373	0.0392156862745	0.0196078431373	0.0326797385621	0.00653594771242	0	0.0130718954248	0.732026143791	
0.0326797385621	0.0522875816993	0.0261437908497	0.0588235294118	0.00653594771242	0.0196078431373	0.0261437908497	0.00653594771242	0	0.0130718954248	0.758169934641	
0.0849673202614	0.0522875816993	0.0392156862745	0.0326797385621	0.0130718954248	0.0326797385621	0.0261437908497	0.0196078431373	0.0196078431373	0.00653594771242	0.673202614379	
0.0326797385621	0.0522875816993	0.0261437908497	0.0718954248366	0.0196078431373	0.0392156862745	0.00653594771242	0.0326797385621	0.00653594771242	0.00653594771242	0.705882352941	
0.0980392156863	0.0457516339869	0.0326797385621	0.0196078431373	0.0326797385621	0.0261437908497	0.0261437908497	0.0196078431373	0	0.00653594771242	0.692810457516	
0.078431372549	0.0588235294118	0.0457516339869	0.0196078431373	0.0261437908497	0.0326797385621	0	0.0196078431373	0.0326797385621	0.0130718954248	0.673202614379	
0.0522875816993	0.0588235294118	0.0326797385621	0.0718954248366	0.0392156862745	0.00653594771242	0.0196078431373	0.0130718954248	0	0.0261437908497	0.679738562092	
0.0653594771242	0.0522875816993	0.0261437908497	0.078431372549	0.0261437908497	0.0196078431373	0.0392156862745	0.0130718954248	0.00653594771242	0.0196078431373	0.653594771242	
0.0718954248366	0.0588235294118	0.0588235294118	0.0653594771242	0.0261437908497	0.0392156862745	0.0130718954248	0.00653594771242	0.0130718954248	0.0130718954248	0.633986928105	
0.0326797385621	0.0261437908497	0.0718954248366	0.0261437908497	0.0261437908497	0.0457516339869	0.0196078431373	0.0196078431373	0	0.00653594771242	0.725490196078	
0.078431372549	0.0588235294118	0.0392156862745	0.0392156862745	0.0522875816993	0.0261437908497	0.0261437908497	0.00653594771242	0.00653594771242	0.0261437908497	0.640522875817	
0.0392156862745	0.0653594771242	0.0196078431373	0.0326797385621	0.0392156862745	0.0326797385621	0.0130718954248	0.0196078431373	0.00653594771242	0.0130718954248	0.718954248366	
0.0392156862745	0.0522875816993	0.0130718954248	0.0653594771242	0.0392156862745	0.0261437908497	0.0196078431373	0	0.00653594771242	0.0196078431373	0.718954248366	
0.0522875816993	0.0653594771242	0.0326797385621	0.0392156862745	0.0261437908497	0.0326797385621	0.0130718954248	0.0130718954248	0.0130718954248	0.0130718954248	0.699346405229	
0.0653594771242	0.0457516339869	0.0326797385621	0.0522875816993	0.0130718954248	0.0392156862745	0.0326797385621	0.00653594771242	0.00653594771242	0.00653594771242	0.699346405229	
0.0849673202614	0.0522875816993	0.00653594771242	0.0457516339869	0.0261437908497	0.0588235294118	0.0130718954248	0.00653594771242	0.00653594771242	0.0130718954248	0.686274509804	
0.0457516339869	0.0261437908497	0.0196078431373	0.0457516339869	0.0261437908497	0.0326797385621	0.0392156862745	0.0130718954248	0.00653594771242	0.0130718954248	0.732026143791	
0.0849673202614	0.0588235294118	0.0326797385621	0.0196078431373	0.0261437908497	0.0326797385621	0.0130718954248	0.00653594771242	0.00653594771242	0	0.718954248366	
0.0392156862745	0.0653594771242	0.0326797385621	0.0522875816993	0.0261437908497	0.0326797385621	0.0261437908497	0.0196078431373	0.00653594771242	0.0196078431373	0.679738562092	
0.0653594771242	0.0457516339869	0.0130718954248	0.0522875816993	0.0261437908497	0.0196078431373	0.0261437908497	0.0130718954248	0.00653594771242	0	0.732026143791	
0.0392156862745	0.0392156862745	0.0196078431373	0.0522875816993	0.0392156862745	0.00653594771242	0.0130718954248	0.0130718954248	0.00653594771242	0.0130718954248	0.758169934641	
0.0849673202614	0.0392156862745	0.0326797385621	0.0457516339869	0.0392156862745	0.0392156862745	0.0130718954248	0.00653594771242	0.00653594771242	0.0196078431373	0.673202614379	
0.0653594771242	0.0326797385621	0.0522875816993	0.0457516339869	0.0326797385621	0.0457516339869	0.0196078431373	0.0196078431373	0	0.0196078431373	0.666666666667	
0.0588235294118	0.0588235294118	0.0392156862745	0.0522875816993	0.0196078431373	0.0261437908497	0.0392156862745	0.00653594771242	0	0.0261437908497	0.673202614379	
0.0392156862745	0.0392156862745	0.0196078431373	0.0326797385621	0.0261437908497	0.0196078431373	0.0326797385621	0.00653594771242	0.0130718954248	0	0.771241830065	
0.0457516339869	0.0326797385621	0.0261437908497	0.0588235294118	0.0326797385621	0.0326797385621	0.0261437908497	0.0196078431373	0.00653594771242	0.0196078431373	0.699346405229	
0.0653594771242	0.0392156862745	0.0392156862745	0.0522875816993	0.0261437908497	0.0130718954248	0.0392156862745	0.0130718954248	0.0196078431373	0.00653594771242	0.686274509804	
0.0653594771242	0.0196078431373	0.0392156862745	0.0326797385621	0.0326797385621	0.0261437908497	0.0457516339869	0.0196078431373	0	0.00653594771242	0.712418300654	
0.0522875816993	0.0196078431373	0.0392156862745	0.078431372549	0.0522875816993	0.0196078431373	0.0196078431373	0.0130718954248	0	0.0130718954248	0.692810457516	
0.0653594771242	0.0522875816993	0.0130718954248	0.0326797385621	0.0130718954248	0.0261437908497	0.00653594771242	0.0196078431373	0.0130718954248	0.0196078431373	0.738562091503	
0.0718954248366	0.0522875816993	0.0130718954248	0.0522875816993	0.0196078431373	0.0522875816993	0.0196078431373	0.0130718954248	0	0.00653594771242	0.699346405229	
0.0653594771242	0.0457516339869	0.0130718954248	0.0588235294118	0.0392156862745	0.0326797385621	0.0130718954248	0.00653594771242	0	0.0196078431373	0.705882352941	
0.0522875816993	0.0261437908497	0.0130718954248	0.0326797385621	0.0261437908497	0.0326797385621	0.0326797385621	0.0326797385621	0.00653594771242	0.0261437908497	0.718954248366	
0.0718954248366	0.0261437908497	0.0130718954248	0.0457516339869	0.0130718954248	0.0261437908497	0.0261437908497	0.0196078431373	0.0261437908497	0.0130718954248	0.718954248366	
0.00653594771242	0.0588235294118	0.0261437908497	0.0653594771242	0.0130718954248	0.0261437908497	0.00653594771242	0.0130718954248	0	0.0196078431373	0.764705882353	
0	0.00653594771242	0.0130718954248	0.00653594771242	0.0522875816993	0.0522875816993	0.0130718954248	0.0261437908497	0.0130718954248	0.0196078431373	0.797385620915	
0	0.0196078431373	0.0653594771242	0	0.0130718954248	0.0457516339869	0.00653594771242	0.00653594771242	0.00653594771242	0.0196078431373	0.816993464052	
0.00653594771242	0	0.0130718954248	0	0.0392156862745	0.0196078431373	0.0457516339869	0.0326797385621	0	0.00653594771242	0.83660130719	
0	0.0130718954248	0	0	0.0196078431373	0.0326797385621	0.00653594771242	0.0130718954248	0.00653594771242	0.0196078431373	0.888888888889	
0	0	0	0.00653594771242	0.0392156862745	0.00653594771242	0.0261437908497	0.00653594771242	0	0.00653594771242	0.908496732026	
0	0	0	0	0.0196078431373	0.0130718954248	0.0261437908497	0.00653594771242	0.00653594771242	0.00653594771242	0.921568627451	
0.0588235294118	0.0392156862745	0.0326797385621	0.0457516339869	0.0261437908497	0.0196078431373	0.0196078431373	0.00653594771242	0	0	0.751633986928	
0.0522875816993	0.0457516339869	0.0196078431373	0.0392156862745	0.0130718954248	0.0326797385621	0.0196078431373	0.0130718954248	0.0130718954248	0.0196078431373	0.732026143791	
0.0392156862745	0.0326797385621	0.0326797385621	0.0522875816993	0.0326797385621	0.0261437908497	0.0196078431373	0.0326797385621	0.00653594771242	0.0130718954248	0.712418300654	
0.0849673202614	0.0457516339869	0.0261437908497	0.0653594771242	0.0130718954248	0.00653594771242	0.0196078431373	0.0196078431373	0.0130718954248	0.00653594771242	0.699346405229	
0.078431372549	0.0261437908497	0.0196078431373	0.078431372549	0.0196078431373	0.0392156862745	0.0326797385621	0.0196078431373	0.00653594771242	0.00653594771242	0.673202614379	
0.0457516339869	0.0326797385621	0.0196078431373	0.0522875816993	0.0261437908497	0.00653594771242	0.0261437908497	0.00653594771242	0.00653594771242	0.00653594771242	0.771241830065	
0.0849673202614	0.0522875816993	0.0196078431373	0.0653594771242	0	0.0196078431373	0.0261437908497	0.0130718954248	0.00653594771242	0.0130718954248	0.699346405229	
0.0653594771242	0.0261437908497	0.0326797385621	0.0196078431373	0.0130718954248	0.0457516339869	0.0261437908497	0.0196078431373	0.00653594771242	0.00653594771242	0.738562091503	
0.0980392156863	0.0522875816993	0.0326797385621	0.0522875816993	0.0457516339869	0.0130718954248	0.0326797385621	0.0261437908497	0.00653594771242	0.0261437908497	0.614379084967	
0.0588235294118	0.0457516339869	0.0261437908497	0.0718954248366	0.0130718954248	0.0196078431373	0.0457516339869	0.0196078431373	0.00653594771242	0.0196078431373	0.673202614379	
0.0588235294118	0.0326797385621	0.0196078431373	0.0457516339869	0.0196078431373	0.0653594771242	0.0457516339869	0.0130718954248	0.00653594771242	0.0196078431373	0.673202614379	
0.0326797385621	0.0326797385621	0.0392156862745	0.0130718954248	0.0196078431373	0.0326797385621	0.00653594771242	0.0196078431373	0	0.0130718954248	0.790849673203	
0.0522875816993	0.0457516339869	0.0326797385621	0.0326797385621	0.0196078431373	0.00653594771242	0.0196078431373	0.0130718954248	0.0130718954248	0.0261437908497	0.738562091503	
0.0392156862745	0.0261437908497	0.0457516339869	0.0392156862745	0.0392156862745	0.0196078431373	0.0130718954248	0.0130718954248	0.0130718954248	0	0.751633986928	
0.0522875816993	0.0392156862745	0.0392156862745	0.0457516339869	0.0457516339869	0.0457516339869	0	0.0196078431373	0	0.00653594771242	0.705882352941	
0.0588235294118	0.0196078431373	0.0326797385621	0.0588235294118	0	0.0196078431373	0.00653594771242	0.0326797385621	0.00653594771242	0.0130718954248	0.751633986928	
0.078431372549	0.078431372549	0.0522875816993	0.0326797385621	0.0326797385621	0.0457516339869	0.0130718954248	0.0130718954248	0.0130718954248	0	0.640522875817	
0.0457516339869	0.0588235294118	0.0457516339869	0.0718954248366	0.0326797385621	0.0130718954248	0.0326797385621	0.00653594771242	0.0196078431373	0.0196078431373	0.653594771242	
0.0718954248366	0.078431372549	0.0261437908497	0.0849673202614	0.0326797385621	0.0196078431373	0.0261437908497	0.00653594771242	0.00653594771242	0.0130718954248	0.633986928105	
0.0588235294118	0.0653594771242	0.0326797385621	0.0653594771242	0.0392156862745	0.0392156862745	0.0196078431373	0.0130718954248	0	0.0196078431373	0.647058823529	
0.0522875816993	0.0392156862745	0.0261437908497	0.0653594771242	0.0261437908497	0.0261437908497	0.0130718954248	0.0130718954248	0.0130718954248	0.00653594771242	0.718954248366	
0.0915032679739	0.0457516339869	0.0392156862745	0.0522875816993	0.0261437908497	0.0130718954248	0.0196078431373	0.0196078431373	0	0.00653594771242	0.686274509804	
0.0588235294118	0.0915032679739	0.0326797385621	0.0653594771242	0.0522875816993	0.0392156862745	0.0261437908497	0.00653594771242	0	0.0261437908497	0.601307189542	
0.0522875816993	0.0522875816993	0.0326797385621	0.0588235294118	0.0457516339869	0.0326797385621	0.0196078431373	0.0196078431373	0.00653594771242	0.0196078431373	0.660130718954	
0.0522875816993	0.0326797385621	0.0457516339869	0.078431372549	0.0457516339869	0.00653594771242	0.0261437908497	0.0196078431373	0.0261437908497	0.0130718954248	0.653594771242	
0.0588235294118	0.0653594771242	0.0392156862745	0.0457516339869	0.0261437908497	0.00653594771242	0.00653594771242	0.0196078431373	0.0130718954248	0.0130718954248	0.705882352941	
0.0392156862745	0.0653594771242	0.0130718954248	0.0130718954248	0.0326797385621	0.0522875816993	0.0261437908497	0.00653594771242	0.0196078431373	0.00653594771242	0.725490196078	
0.0915032679739	0.00653594771242	0.0392156862745	0.0261437908497	0.0457516339869	0.0261437908497	0.0326797385621	0.0130718954248	0.0196078431373	0.00653594771242	0.692810457516	
0.0457516339869	0.0588235294118	0.0457516339869	0.0457516339869	0.0326797385621	0	0.0196078431373	0.0130718954248	0.0130718954248	0.0196078431373	0.705882352941	
0.0718954248366	0.0588235294118	0.0392156862745	0.0653594771242	0.0196078431373	0.0196078431373	0.00653594771242	0	0.00653594771242	0	0.712418300654	
0.0392156862745	0.0130718954248	0.0457516339869	0.0261437908497	0	0.0130718954248	0.0130718954248	0.0261437908497	0	0.0392156862745	0.78431372549	
0.0718954248366	0.0522875816993	0.00653594771242	0.0392156862745	0.0392156862745	0.0457516339869	0.0326797385621	0.0261437908497	0.0130718954248	0.0196078431373	0.653594771242	
0.0326797385621	0.0130718954248	0.0392156862745	0.0588235294118	0.0196078431373	0.0326797385621	0.00653594771242	0.00653594771242	0.0130718954248	0.00653594771242	0.771241830065	
0.0653594771242	0.0718954248366	0.0457516339869	0.0653594771242	0.0326797385621	0.0196078431373	0.0196078431373	0.00653594771242	0	0.00653594771242	0.666666666667	
0.104575163399	0.0130718954248	0.0457516339869	0.0522875816993	0.0392156862745	0.0261437908497	0.0130718954248	0.0130718954248	0	0.0130718954248	0.679738562092	
0.0588235294118	0.0326797385621	0.0326797385621	0.0522875816993	0.0196078431373	0.0261437908497	0.0130718954248	0.00653594771242	0.0130718954248	0.00653594771242	0.738562091503	
0.0849673202614	0.0522875816993	0.0196078431373	0.0392156862745	0.0392156862745	0.0326797385621	0.0261437908497	0.00653594771242	0.0196078431373	0.0196078431373	0.660130718954	
0.104575163399	0.0457516339869	0.0196078431373	0.0326797385621	0.0326797385621	0.0261437908497	0.0130718954248	0.00653594771242	0	0.0130718954248	0.705882352941	
0.0457516339869	0.078431372549	0.0196078431373	0.0718954248366	0.00653594771242	0.0196078431373	0.0130718954248	0.0130718954248	0	0	0.732026143791	
0.0718954248366	0.0457516339869	0.0392156862745	0.078431372549	0.0392156862745	0.0130718954248	0	0.0196078431373	0.0130718954248	0.0130718954248	0.666666666667	
0.0588235294118	0.0392156862745	0.0196078431373	0.0326797385621	0.0326797385621	0.0261437908497	0.0196078431373	0.00653594771242	0.00653594771242	0	0.758169934641	
0.078431372549	0.0130718954248	0.0261437908497	0.0588235294118	0.0130718954248	0.00653594771242	0.0326797385621	0.0261437908497	0	0.0196078431373	0.725490196078	
0.0522875816993	0.0718954248366	0.0261437908497	0.0392156862745	0.0326797385621	0.0457516339869	0.0130718954248	0.0196078431373	0	0	0.699346405229	
0.0588235294118	0.0588235294118	0.0392156862745	0.0392156862745	0.0392156862745	0.0261437908497	0.0130718954248	0.0196078431373	0	0.0261437908497	0.679738562092	
0.0261437908497	0.0522875816993	0.0261437908497	0.0718954248366	0.0196078431373	0.0130718954248	0.0130718954248	0	0	0.0130718954248	0.764705882353	
0.0392156862745	0.0326797385621	0.0522875816993	0.0261437908497	0.0392156862745	0.0196078431373	0.0261437908497	0.0261437908497	0.00653594771242	0.0130718954248	0.718954248366	
0.0392156862745	0.0588235294118	0.0326797385621	0.0457516339869	0.0130718954248	0.0261437908497	0.0196078431373	0.00653594771242	0	0	0.758169934641	
0.0457516339869	0.0326797385621	0.0392156862745	0.0326797385621	0.00653594771242	0.0392156862745	0.0196078431373	0.0130718954248	0.00653594771242	0	0.764705882353	
0.0522875816993	0.0457516339869	0.0261437908497	0.0588235294118	0.0196078431373	0.00653594771242	0.00653594771242	0.0196078431373	0.00653594771242	0.00653594771242	0.751633986928	
0.0522875816993	0.0457516339869	0.0196078431373	0.0326797385621	0.0392156862745	0.0196078431373	0.0130718954248	0.00653594771242	0.0196078431373	0.0130718954248	0.738562091503	
0.0588235294118	0.078431372549	0.0392156862745	0.0457516339869	0.0326797385621	0.0130718954248	0.0261437908497	0	0.0130718954248	0.0130718954248	0.679738562092	
0.0653594771242	0.0718954248366	0.0261437908497	0.0392156862745	0.0130718954248	0.0457516339869	0.0130718954248	0.0326797385621	0.0130718954248	0.00653594771242	0.673202614379	
0.0457516339869	0.0261437908497	0.0522875816993	0.0849673202614	0.0196078431373	0.0326797385621	0.0326797385621	0	0.0130718954248	0.00653594771242	0.686274509804	
0.0653594771242	0.0522875816993	0.0261437908497	0.0653594771242	0.0130718954248	0.0261437908497	0.0261437908497	0	0	0.0130718954248	0.712418300654	
0.078431372549	0.0392156862745	0.0130718954248	0.0522875816993	0.0196078431373	0.0522875816993	0.0196078431373	0.00653594771242	0	0.0130718954248	0.705882352941	
0.0849673202614	0.0588235294118	0.0261437908497	0.078431372549	0.0261437908497	0.0588235294118	0.0196078431373	0.00653594771242	0	0.0261437908497	0.614379084967	
0.0980392156863	0.0392156862745	0.0326797385621	0.0588235294118	0.0522875816993	0.0392156862745	0.0130718954248	0.0261437908497	0.0196078431373	0.0130718954248	0.607843137255	
0.0653594771242	0.0588235294118	0.00653594771242	0.0588235294118	0.0326797385621	0.0130718954248	0.0196078431373	0.0196078431373	0.0130718954248	0.00653594771242	0.705882352941	
0.0457516339869	0.078431372549	0.0196078431373	0.0457516339869	0.0588235294118	0.0196078431373	0.0326797385621	0.0261437908497	0.00653594771242	0.0261437908497	0.640522875817	
0.0522875816993	0.0718954248366	0.0326797385621	0.0457516339869	0.0457516339869	0.0261437908497	0.0196078431373	0.0196078431373	0.0130718954248	0.0196078431373	0.653594771242	
0.0326797385621	0.0457516339869	0.00653594771242	0.0457516339869	0.0653594771242	0.0326797385621	0.0326797385621	0.0196078431373	0.00653594771242	0.00653594771242	0.705882352941	
0.0522875816993	0.0588235294118	0.0261437908497	0.0261437908497	0.0326797385621	0.0196078431373	0.0130718954248	0.00653594771242	0.0196078431373	0	0.745098039216	
0.0261437908497	0.0718954248366	0.0130718954248	0.0457516339869	0.0261437908497	0.0130718954248	0.0130718954248	0.0130718954248	0.0196078431373	0.00653594771242	0.751633986928	
0.0915032679739	0.0915032679739	0.00653594771242	0.0457516339869	0.0261437908497	0.0326797385621	0.0326797385621	0.0130718954248	0	0.0130718954248	0.647058823529	
0.117647058824	0.0522875816993	0.0653594771242	0.0653594771242	0.0522875816993	0.0261437908497	0.00653594771242	0.0196078431373	0	0	0.59477124183	
0.0392156862745	0.0718954248366	0.0261437908497	0.078431372549	0.0196078431373	0.00653594771242	0.0326797385621	0	0.0130718954248	0.0130718954248	0.699346405229	
0.0653594771242	0.0457516339869	0.0130718954248	0.0392156862745	0.0261437908497	0.0522875816993	0.0130718954248	0.0326797385621	0.00653594771242	0.0196078431373	0.686274509804	
0.0653594771242	0.0653594771242	0.0392156862745	0.0457516339869	0.0261437908497	0.0130718954248	0.00653594771242	0.0130718954248	0.0261437908497	0.0196078431373	0.679738562092	
0.0522875816993	0.0457516339869	0.0326797385621	0.0392156862745	0.0326797385621	0.0457516339869	0.00653594771242	0	0.0130718954248	0.0130718954248	0.718954248366	
0.0588235294118	0.0653594771242	0.0326797385621	0.0522875816993	0.0130718954248	0.0261437908497	0.0196078431373	0.0261437908497	0	0.0130718954248	0.692810457516	
0.0718954248366	0.0392156862745	0.0130718954248	0.078431372549	0.0392156862745	0.0196078431373	0.0196078431373	0.0130718954248	0	0	0.705882352941	
0.0653594771242	0.0522875816993	0.0326797385621	0.0653594771242	0.0326797385621	0.0130718954248	0.00653594771242	0.0130718954248	0.0130718954248	0.0130718954248	0.692810457516	
0.0392156862745	0.0457516339869	0.0261437908497	0.0588235294118	0.0326797385621	0.0196078431373	0.0326797385621	0.00653594771242	0.0196078431373	0.0130718954248	0.705882352941	
0.0653594771242	0.0392156862745	0.0653594771242	0.0196078431373	0.0326797385621	0.0196078431373	0.00653594771242	0.0130718954248	0	0.00653594771242	0.732026143791	
0.0522875816993	0.0196078431373	0.0457516339869	0.0588235294118	0.0326797385621	0.0261437908497	0.0196078431373	0.0522875816993	0	0.0130718954248	0.679738562092	
0.0392156862745	0.0261437908497	0.0261437908497	0.0261437908497	0.0261437908497	0.0130718954248	0.0196078431373	0.0130718954248	0.0130718954248	0	0.797385620915	
0.104575163399	0.078431372549	0.0392156862745	0.0392156862745	0.0522875816993	0.0326797385621	0.0130718954248	0.0261437908497	0.00653594771242	0	0.607843137255	
0.0588235294118	0.0718954248366	0.0261437908497	0.0522875816993	0.00653594771242	0.0261437908497	0.0326797385621	0.0130718954248	0.0130718954248	0	0.699346405229	
0.0718954248366	0.0653594771242	0.0588235294118	0.0457516339869	0.0392156862745	0.0326797385621	0.00653594771242	0.0130718954248	0.00653594771242	0.00653594771242	0.653594771242	
0.0849673202614	0.0718954248366	0.0261437908497	0.0196078431373	0.0326797385621	0.0130718954248	0.00653594771242	0.0196078431373	0.0130718954248	0.0261437908497	0.686274509804	
0.0653594771242	0.0653594771242	0.0522875816993	0.0915032679739	0.0196078431373	0.0653594771242	0.0326797385621	0	0.00653594771242	0.0130718954248	0.588235294118	
0.0653594771242	0	0.0261437908497	0.0457516339869	0.0130718954248	0.0392156862745	0.0196078431373	0.00653594771242	0.0130718954248	0.0130718954248	0.758169934641	
0.0261437908497	0.0392156862745	0.0326797385621	0.0522875816993	0.0457516339869	0.0130718954248	0.00653594771242	0.0326797385621	0.00653594771242	0.0326797385621	0.712418300654	
0.0653594771242	0.0588235294118	0.0392156862745	0.0457516339869	0.0392156862745	0.0392156862745	0.0326797385621	0.0196078431373	0.00653594771242	0	0.653594771242	
0.0392156862745	0.0326797385621	0.0392156862745	0.0261437908497	0.0326797385621	0.0196078431373	0.00653594771242	0.0457516339869	0.00653594771242	0.0130718954248	0.738562091503	
0.0718954248366	0.0718954248366	0.0261437908497	0.0457516339869	0.0457516339869	0.0326797385621	0.00653594771242	0.0196078431373	0.0130718954248	0.0130718954248	0.653594771242	
0.0457516339869	0.0980392156863	0.0653594771242	0.0326797385621	0.0261437908497	0.0196078431373	0.00653594771242	0.0196078431373	0.00653594771242	0	0.679738562092	
0.0849673202614	0.078431372549	0.0326797385621	0.0522875816993	0.0392156862745	0.0196078431373	0.00653594771242	0	0	0.0130718954248	0.673202614379	
0.0522875816993	0.0522875816993	0.0392156862745	0.0392156862745	0.0130718954248	0.0130718954248	0.0261437908497	0.00653594771242	0.00653594771242	0.00653594771242	0.745098039216	
0.0457516339869	0.0392156862745	0.0457516339869	0.0457516339869	0.0196078431373	0.0261437908497	0.0261437908497	0.0261437908497	0	0.00653594771242	0.718954248366	
0.0522875816993	0.0326797385621	0.0261437908497	0.0457516339869	0.0196078431373	0.0522875816993	0.00653594771242	0.0261437908497	0	0.0130718954248	0.725490196078	
0.0326797385621	0.0718954248366	0.0326797385621	0.0326797385621	0.0261437908497	0.0392156862745	0.0196078431373	0	0	0	0.745098039216	
0.0522875816993	0.0392156862745	0.0588235294118	0.0457516339869	0.0261437908497	0.0130718954248	0.0196078431373	0.0130718954248	0	0.0196078431373	0.712418300654	
0.0653594771242	0.0588235294118	0.0457516339869	0.0522875816993	0.0261437908497	0.00653594771242	0.0261437908497	0.0196078431373	0.00653594771242	0.0130718954248	0.679738562092	
0.0392156862745	0.0457516339869	0.0261437908497	0.0653594771242	0.0457516339869	0.0130718954248	0.0261437908497	0.00653594771242	0.00653594771242	0.0196078431373	0.705882352941	
0.0196078431373	0.0326797385621	0.0130718954248	0.0457516339869	0.078431372549	0.0196078431373	0	0.0130718954248	0.00653594771242	0.0261437908497	0.745098039216	
0.0457516339869	0.0457516339869	0.0457516339869	0.0392156862745	0.0326797385621	0.0196078431373	0.0130718954248	0.0130718954248	0.0196078431373	0.0196078431373	0.705882352941	
0.0196078431373	0.0326797385621	0.0261437908497	0.0326797385621	0.0196078431373	0.0326797385621	0.0196078431373	0.0261437908497	0.00653594771242	0.0326797385621	0.751633986928	
0.0392156862745	0.0522875816993	0.0326797385621	0.0915032679739	0.0326797385621	0.0196078431373	0.0130718954248	0.0130718954248	0	0	0.705882352941	
0.0718954248366	0.0588235294118	0.0196078431373	0.0457516339869	0.00653594771242	0.0522875816993	0.0130718954248	0.0457516339869	0.00653594771242	0.0130718954248	0.666666666667	
0.0718954248366	0.0718954248366	0.0326797385621	0.0392156862745	0.0326797385621	0.0196078431373	0.0261437908497	0.00653594771242	0	0.0196078431373	0.679738562092	
0.078431372549	0.0522875816993	0.0130718954248	0.0392156862745	0.0261437908497	0.00653594771242	0.0130718954248	0.0130718954248	0	0	0.758169934641	
0.0457516339869	0.0196078431373	0.0392156862745	0.0522875816993	0.0196078431373	0.0588235294118	0.0196078431373	0.0392156862745	0	0	0.705882352941	
0.0849673202614	0.0261437908497	0.0326797385621	0.0588235294118	0.0392156862745	0.0196078431373	0.0326797385621	0.0196078431373	0.00653594771242	0.00653594771242	0.673202614379	
0.078431372549	0.0457516339869	0.0130718954248	0.0196078431373	0.0392156862745	0.0261437908497	0.0196078431373	0.0261437908497	0	0	0.732026143791	
0.0392156862745	0.0392156862745	0.0588235294118	0.0588235294118	0.0588235294118	0.0588235294118	0.0130718954248	0.00653594771242	0.00653594771242	0	0.660130718954	
0.0457516339869	0.0457516339869	0.0261437908497	0.0326797385621	0.0326797385621	0.0392156862745	0.0196078431373	0.0130718954248	0.0130718954248	0.0130718954248	0.718954248366	
0.0261437908497	0.0653594771242	0.0261437908497	0.0392156862745	0.0196078431373	0.0261437908497	0.00653594771242	0.0261437908497	0.00653594771242	0.0130718954248	0.745098039216	
0.0326797385621	0.0457516339869	0.0457516339869	0.0392156862745	0.0261437908497	0.0196078431373	0.0392156862745	0.00653594771242	0.0196078431373	0.00653594771242	0.718954248366	
0.0522875816993	0.0588235294118	0.0326797385621	0.0588235294118	0.0392156862745	0.0261437908497	0.0392156862745	0.0130718954248	0	0.0196078431373	0.660130718954	
