0.0299401197605	0.101796407186	0.0119760479042	0.0479041916168	0.0119760479042	0.0299401197605	0.0239520958084	0.0059880239521	0.0299401197605	0.0119760479042	0.694610778443	
0.0359281437126	0.059880239521	0.059880239521	0.0419161676647	0.0299401197605	0.0299401197605	0.0179640718563	0.0059880239521	0.0239520958084	0.0179640718563	0.676646706587	
0.0299401197605	0.0359281437126	0.0299401197605	0.0479041916168	0.0179640718563	0.0299401197605	0.0299401197605	0	0.0059880239521	0	0.77245508982	
0.0419161676647	0.0538922155689	0.0359281437126	0.0898203592814	0.0419161676647	0.0419161676647	0.0239520958084	0.0179640718563	0.0059880239521	0.0059880239521	0.640718562874	
0.0479041916168	0.0359281437126	0.0179640718563	0.101796407186	0.0179640718563	0.0059880239521	0.0059880239521	0.0059880239521	0.0059880239521	0.0059880239521	0.748502994012	
0.0299401197605	0.0958083832335	0.0479041916168	0.0299401197605	0.0538922155689	0.0299401197605	0.0299401197605	0	0.0059880239521	0	0.676646706587	
0.0119760479042	0.0419161676647	0.059880239521	0.0538922155689	0.0299401197605	0.0119760479042	0.0179640718563	0.0059880239521	0.0239520958084	0.0179640718563	0.724550898204	
0.0119760479042	0.101796407186	0.0239520958084	0.0538922155689	0.0239520958084	0.0239520958084	0.0119760479042	0.0239520958084	0.0359281437126	0.0179640718563	0.670658682635	
0.0359281437126	0.0299401197605	0.0419161676647	0.0838323353293	0.0299401197605	0.0119760479042	0.0179640718563	0.0179640718563	0.0119760479042	0.0059880239521	0.712574850299	
0.0239520958084	0.0479041916168	0.0299401197605	0.0658682634731	0.0419161676647	0.0179640718563	0.0119760479042	0.0119760479042	0.0059880239521	0.0059880239521	0.736526946108	
0.0059880239521	0.0838323353293	0.0239520958084	0.059880239521	0.0419161676647	0.0419161676647	0.0179640718563	0.0119760479042	0.0299401197605	0.0059880239521	0.676646706587	
0.0239520958084	0.0658682634731	0.059880239521	0.059880239521	0.0179640718563	0.0299401197605	0.0119760479042	0	0.0119760479042	0.0059880239521	0.712574850299	
0.0299401197605	0.0419161676647	0.0299401197605	0.0718562874251	0.0179640718563	0.0239520958084	0.0179640718563	0.0059880239521	0	0.0119760479042	0.748502994012	
0.0359281437126	0.0958083832335	0.0299401197605	0.0419161676647	0.0239520958084	0.0239520958084	0.0119760479042	0	0	0.0119760479042	0.724550898204	
0.0239520958084	0.0419161676647	0.0419161676647	0.0359281437126	0	0.0179640718563	0.0179640718563	0.0059880239521	0.0179640718563	0.0119760479042	0.784431137725	
0.0538922155689	0.0718562874251	0.059880239521	0.0179640718563	0.0538922155689	0.0059880239521	0.0119760479042	0.0119760479042	0.0119760479042	0.0179640718563	0.682634730539	
0.0359281437126	0.0359281437126	0.0179640718563	0.0479041916168	0.0179640718563	0.0299401197605	0.0179640718563	0.0119760479042	0.0239520958084	0	0.760479041916	
0.0359281437126	0.0538922155689	0.0239520958084	0.0479041916168	0.0239520958084	0.0479041916168	0.0179640718563	0.0059880239521	0.0179640718563	0.0119760479042	0.712574850299	
0.059880239521	0.0778443113772	0.0419161676647	0.059880239521	0.0059880239521	0.0299401197605	0.0179640718563	0.0119760479042	0	0.0059880239521	0.688622754491	
0.0239520958084	0.0778443113772	0.0239520958084	0.0479041916168	0.0179640718563	0.0419161676647	0	0.0059880239521	0.0059880239521	0.0239520958084	0.730538922156	
0.0119760479042	0.0658682634731	0.0299401197605	0.0419161676647	0.0479041916168	0.0538922155689	0.0299401197605	0.0179640718563	0.0239520958084	0.0059880239521	0.670658682635	
0.0299401197605	0.0658682634731	0.0658682634731	0.0359281437126	0.0479041916168	0.0179640718563	0.0239520958084	0.0119760479042	0.0179640718563	0.0119760479042	0.670658682635	
0.0299401197605	0.059880239521	0.0179640718563	0.0538922155689	0.0179640718563	0.0119760479042	0	0	0.0359281437126	0.0119760479042	0.760479041916	
0.0119760479042	0.0658682634731	0.0359281437126	0.0179640718563	0.0239520958084	0.0299401197605	0.0179640718563	0.0239520958084	0.0179640718563	0.0239520958084	0.730538922156	
0.0239520958084	0.059880239521	0.0179640718563	0.0359281437126	0.0299401197605	0	0.0119760479042	0.0119760479042	0.0179640718563	0.0119760479042	0.778443113772	
0.0359281437126	0.0359281437126	0.0898203592814	0.0419161676647	0.0239520958084	0.0119760479042	0.0239520958084	0.0299401197605	0.0239520958084	0.0299401197605	0.652694610778	
0.0239520958084	0.0778443113772	0.0299401197605	0.0538922155689	0.0419161676647	0.0479041916168	0.0059880239521	0.0119760479042	0.0119760479042	0.0239520958084	0.670658682635	
0.0419161676647	0.0838323353293	0.0479041916168	0.0359281437126	0.0179640718563	0.0299401197605	0.0059880239521	0.0119760479042	0.0179640718563	0.0059880239521	0.700598802395	
0.0299401197605	0.0359281437126	0.0119760479042	0.0718562874251	0.0299401197605	0.0179640718563	0.0119760479042	0.0059880239521	0.0059880239521	0.0179640718563	0.760479041916	
0.0119760479042	0.0479041916168	0.0239520958084	0.0359281437126	0.0299401197605	0.0119760479042	0.0179640718563	0.0059880239521	0.0119760479042	0	0.802395209581	
0.0479041916168	0.059880239521	0.0658682634731	0.0538922155689	0.0119760479042	0.0239520958084	0.0179640718563	0	0.0119760479042	0	0.706586826347	
0.0119760479042	0.059880239521	0.0299401197605	0.0479041916168	0.0359281437126	0.0359281437126	0.0119760479042	0.0119760479042	0.0119760479042	0.0059880239521	0.736526946108	
0.0658682634731	0.0538922155689	0.0299401197605	0.059880239521	0.0239520958084	0.0059880239521	0.0239520958084	0.0119760479042	0.0119760479042	0.0059880239521	0.706586826347	
0.0419161676647	0.0838323353293	0.0658682634731	0.0299401197605	0.0479041916168	0.0239520958084	0.0299401197605	0.0179640718563	0.0179640718563	0.0119760479042	0.62874251497	
0.0239520958084	0.0658682634731	0.0239520958084	0.059880239521	0.0119760479042	0	0.0239520958084	0.0179640718563	0.0299401197605	0.0239520958084	0.718562874251	
0.0419161676647	0.0778443113772	0.0359281437126	0.0479041916168	0.0119760479042	0.0299401197605	0.0299401197605	0.0119760479042	0.0239520958084	0.0059880239521	0.682634730539	
0.0299401197605	0.107784431138	0.0479041916168	0.0838323353293	0.0179640718563	0.0179640718563	0.0119760479042	0.0059880239521	0.0059880239521	0.0059880239521	0.664670658683	
0.0299401197605	0.0299401197605	0.0419161676647	0.0359281437126	0.0359281437126	0.0179640718563	0.0239520958084	0.0059880239521	0.0119760479042	0	0.766467065868	
0.0359281437126	0.0538922155689	0.059880239521	0.0778443113772	0.0239520958084	0.0179640718563	0.0538922155689	0	0.0059880239521	0	0.670658682635	
0.0359281437126	0.0299401197605	0.0179640718563	0.059880239521	0.0299401197605	0.0239520958084	0.0179640718563	0.0119760479042	0.0179640718563	0	0.754491017964	
0.0119760479042	0.0658682634731	0.0479041916168	0.0299401197605	0.0059880239521	0.0239520958084	0.0179640718563	0.0059880239521	0	0.0119760479042	0.778443113772	
0.0119760479042	0.0419161676647	0.0359281437126	0.0419161676647	0.0179640718563	0.0359281437126	0.0299401197605	0.0179640718563	0.0239520958084	0.0299401197605	0.712574850299	
0.0299401197605	0.0299401197605	0.0419161676647	0.0658682634731	0.0299401197605	0.0359281437126	0.0179640718563	0.0119760479042	0.0179640718563	0.0059880239521	0.712574850299	
0.0359281437126	0.0419161676647	0.0359281437126	0.0419161676647	0.0239520958084	0.0239520958084	0.0179640718563	0.0359281437126	0.0299401197605	0.0179640718563	0.694610778443	
0.0419161676647	0.0299401197605	0.0359281437126	0.0538922155689	0.0419161676647	0.0059880239521	0.0059880239521	0.0179640718563	0.0179640718563	0.0059880239521	0.74251497006	
0.0239520958084	0.0419161676647	0.0359281437126	0.0359281437126	0.0359281437126	0.0359281437126	0.0179640718563	0.0059880239521	0.0179640718563	0.0059880239521	0.74251497006	
0.0119760479042	0.0658682634731	0.0718562874251	0.0479041916168	0.0179640718563	0.0538922155689	0.0239520958084	0.0239520958084	0.0179640718563	0.0419161676647	0.622754491018	
0.059880239521	0.0658682634731	0.059880239521	0.0059880239521	0.0179640718563	0.0239520958084	0.0239520958084	0.0059880239521	0.0119760479042	0.0119760479042	0.712574850299	
0.0359281437126	0.0718562874251	0.0359281437126	0.0419161676647	0.0239520958084	0.0419161676647	0.0359281437126	0	0.0119760479042	0.0299401197605	0.670658682635	
0.0299401197605	0.0538922155689	0.0239520958084	0.0778443113772	0.0179640718563	0.0479041916168	0.0479041916168	0.0059880239521	0.0299401197605	0.0359281437126	0.62874251497	
0.0239520958084	0.101796407186	0.0538922155689	0.0419161676647	0.0119760479042	0.0119760479042	0.0179640718563	0.0119760479042	0.0179640718563	0	0.706586826347	
0.0299401197605	0.0419161676647	0.0359281437126	0.0119760479042	0.0359281437126	0.0119760479042	0.0119760479042	0.0239520958084	0.0179640718563	0.0059880239521	0.77245508982	
0.0359281437126	0.0538922155689	0.059880239521	0.0658682634731	0.0299401197605	0.0359281437126	0.0179640718563	0.0059880239521	0.0119760479042	0.0119760479042	0.670658682635	
0.0419161676647	0.0479041916168	0.0179640718563	0.0479041916168	0.0119760479042	0.0359281437126	0.0299401197605	0.0059880239521	0.0239520958084	0.0119760479042	0.724550898204	
0.0119760479042	0.0658682634731	0.0479041916168	0.0479041916168	0.0179640718563	0.0119760479042	0.0119760479042	0.0119760479042	0.0119760479042	0	0.760479041916	
0.0179640718563	0.0479041916168	0.0359281437126	0.059880239521	0.0419161676647	0.0239520958084	0.0179640718563	0.0059880239521	0.0179640718563	0.0179640718563	0.712574850299	
0.0119760479042	0.0419161676647	0.0419161676647	0.0299401197605	0.0239520958084	0.0239520958084	0.0299401197605	0.0179640718563	0.0059880239521	0.0419161676647	0.730538922156	
0.0299401197605	0.0718562874251	0.0479041916168	0.0419161676647	0.0119760479042	0.0359281437126	0.0059880239521	0.0179640718563	0.0179640718563	0.0119760479042	0.706586826347	
0.0119760479042	0.059880239521	0.0479041916168	0.0479041916168	0.0299401197605	0.0119760479042	0.0299401197605	0.0059880239521	0.0119760479042	0.0359281437126	0.706586826347	
0.0299401197605	0.0479041916168	0.0299401197605	0.0479041916168	0.0299401197605	0.0179640718563	0.0119760479042	0.0239520958084	0.0419161676647	0.0179640718563	0.700598802395	
0.0239520958084	0.0538922155689	0.0479041916168	0.0419161676647	0.0119760479042	0.0299401197605	0.0119760479042	0.0179640718563	0	0.0299401197605	0.730538922156	
0.0419161676647	0.0778443113772	0.0778443113772	0.059880239521	0.0179640718563	0.0119760479042	0.0119760479042	0.0119760479042	0.0059880239521	0.0059880239521	0.676646706587	
0.0359281437126	0.0479041916168	0.0299401197605	0.0479041916168	0.0359281437126	0.0059880239521	0.0179640718563	0.0119760479042	0.0059880239521	0	0.760479041916	
0.0538922155689	0.0838323353293	0.0419161676647	0.0479041916168	0.0179640718563	0.0179640718563	0.0299401197605	0	0.0059880239521	0.0059880239521	0.694610778443	
0.0299401197605	0.0538922155689	0.0479041916168	0.0538922155689	0.0239520958084	0.0239520958084	0.0059880239521	0.0119760479042	0.0179640718563	0.0179640718563	0.712574850299	
0.0479041916168	0.0419161676647	0.0479041916168	0.0778443113772	0.0179640718563	0.0179640718563	0.0359281437126	0.0059880239521	0.0179640718563	0.0239520958084	0.664670658683	
0.0419161676647	0.0838323353293	0.0658682634731	0.0299401197605	0.0119760479042	0.0179640718563	0.0179640718563	0.0239520958084	0.0119760479042	0.0119760479042	0.682634730539	
0.0239520958084	0.0538922155689	0.0538922155689	0.0239520958084	0.0359281437126	0.0059880239521	0.0059880239521	0.0119760479042	0	0.0059880239521	0.778443113772	
0.0299401197605	0.0359281437126	0.0359281437126	0.0479041916168	0.0359281437126	0.0299401197605	0.0299401197605	0.0119760479042	0.0179640718563	0.0059880239521	0.718562874251	
0.0239520958084	0.0718562874251	0.0299401197605	0.0778443113772	0	0.0239520958084	0.0119760479042	0	0.0179640718563	0.0239520958084	0.718562874251	
0.0538922155689	0.059880239521	0.0479041916168	0.0299401197605	0.0179640718563	0.0119760479042	0.0179640718563	0.0059880239521	0.0179640718563	0.0119760479042	0.724550898204	
0.0179640718563	0.0419161676647	0.0419161676647	0.0658682634731	0.0299401197605	0.0299401197605	0.0119760479042	0.0119760479042	0.0179640718563	0.0119760479042	0.718562874251	
0.0239520958084	0.0479041916168	0.0538922155689	0.0299401197605	0.0359281437126	0.0239520958084	0.0299401197605	0.0239520958084	0.0059880239521	0.0179640718563	0.706586826347	
0.0299401197605	0.0419161676647	0.0299401197605	0.0479041916168	0.0119760479042	0.0119760479042	0.0179640718563	0.0179640718563	0.0119760479042	0	0.778443113772	
0.0239520958084	0.0359281437126	0.0359281437126	0.0059880239521	0.0299401197605	0.0239520958084	0.0239520958084	0.0119760479042	0.0059880239521	0.0059880239521	0.796407185629	
0.0538922155689	0.0419161676647	0.0419161676647	0.0718562874251	0.0239520958084	0.0479041916168	0.0119760479042	0.0059880239521	0.0119760479042	0.0119760479042	0.676646706587	
0.0239520958084	0.0838323353293	0.0479041916168	0.0479041916168	0.0119760479042	0.0119760479042	0.0239520958084	0.0059880239521	0.0299401197605	0.0119760479042	0.700598802395	
0.0419161676647	0.0239520958084	0.0299401197605	0.0538922155689	0.0239520958084	0.0179640718563	0.0299401197605	0.0119760479042	0.0059880239521	0.0059880239521	0.754491017964	
0.0419161676647	0.0718562874251	0.0359281437126	0.0359281437126	0.0299401197605	0.0239520958084	0.0119760479042	0.0059880239521	0.0239520958084	0.0059880239521	0.712574850299	
0.0059880239521	0.0838323353293	0.0299401197605	0.0059880239521	0.0179640718563	0.0179640718563	0.0239520958084	0	0.0119760479042	0.0299401197605	0.77245508982	
0.0538922155689	0.059880239521	0.059880239521	0.0419161676647	0.0299401197605	0.0479041916168	0.0059880239521	0	0.0179640718563	0.0059880239521	0.676646706587	
0.0479041916168	0.0538922155689	0.0299401197605	0.0718562874251	0.0059880239521	0.0299401197605	0.0059880239521	0.0239520958084	0.0239520958084	0.0059880239521	0.700598802395	
0.0119760479042	0.0479041916168	0.0419161676647	0.0479041916168	0.0119760479042	0.0479041916168	0.0059880239521	0.0059880239521	0.0059880239521	0.0179640718563	0.754491017964	
0.0239520958084	0.0538922155689	0.0479041916168	0.0479041916168	0.0179640718563	0.0359281437126	0.0359281437126	0.0059880239521	0.0179640718563	0.0119760479042	0.700598802395	
0.0179640718563	0.0778443113772	0.059880239521	0.0359281437126	0.0179640718563	0.0538922155689	0.0059880239521	0	0.0119760479042	0.0299401197605	0.688622754491	
0.0299401197605	0.0778443113772	0.0299401197605	0.0419161676647	0.0119760479042	0.0299401197605	0.0119760479042	0.0299401197605	0.0239520958084	0	0.712574850299	
0.0299401197605	0.0898203592814	0.0239520958084	0.0538922155689	0.0119760479042	0.0299401197605	0.0179640718563	0.0059880239521	0.0059880239521	0.0179640718563	0.712574850299	
0.0359281437126	0.0538922155689	0.0419161676647	0.0538922155689	0.0179640718563	0.0239520958084	0.0299401197605	0.0059880239521	0.0119760479042	0	0.724550898204	
0.0419161676647	0.0239520958084	0.0538922155689	0.0299401197605	0.0059880239521	0.0119760479042	0.0179640718563	0.0179640718563	0.0119760479042	0	0.784431137725	
0.0359281437126	0.0479041916168	0.0299401197605	0.0538922155689	0.0179640718563	0.0059880239521	0.0179640718563	0.0179640718563	0.0119760479042	0.0239520958084	0.736526946108	
0.0359281437126	0.059880239521	0.0239520958084	0.0479041916168	0.0179640718563	0.0239520958084	0.0179640718563	0.0419161676647	0	0.0059880239521	0.724550898204	
0.0239520958084	0.0479041916168	0.0299401197605	0.0299401197605	0.0658682634731	0.0239520958084	0	0.0119760479042	0.0239520958084	0.0179640718563	0.724550898204	
0.0239520958084	0.0359281437126	0.0538922155689	0.0299401197605	0.0119760479042	0.0179640718563	0.0119760479042	0.0119760479042	0.0179640718563	0.0119760479042	0.77245508982	
0.0239520958084	0.0658682634731	0.0299401197605	0.0838323353293	0.0419161676647	0.0179640718563	0.0299401197605	0.0239520958084	0.0179640718563	0.0119760479042	0.652694610778	
0.0359281437126	0.0658682634731	0.0658682634731	0.0538922155689	0.0179640718563	0.0359281437126	0.0359281437126	0.0059880239521	0	0	0.682634730539	
0.0419161676647	0.0538922155689	0.0239520958084	0.059880239521	0.0299401197605	0.0239520958084	0.0359281437126	0.0059880239521	0.0359281437126	0	0.688622754491	
0.059880239521	0.0359281437126	0.0239520958084	0.0479041916168	0.0479041916168	0.0059880239521	0	0.0059880239521	0.0059880239521	0.0239520958084	0.74251497006	
0.0658682634731	0.0419161676647	0.0419161676647	0.059880239521	0.0359281437126	0.0119760479042	0.0179640718563	0.0119760479042	0.0239520958084	0.0059880239521	0.682634730539	
0.0299401197605	0.059880239521	0.0359281437126	0.059880239521	0.0119760479042	0.0119760479042	0.0179640718563	0	0.0239520958084	0.0299401197605	0.718562874251	
0.0239520958084	0.0898203592814	0.0658682634731	0.0538922155689	0.0299401197605	0.0059880239521	0.0119760479042	0.0119760479042	0.0179640718563	0.0059880239521	0.682634730539	
0.0419161676647	0.0658682634731	0.0359281437126	0.059880239521	0.0299401197605	0.0059880239521	0.0059880239521	0.0299401197605	0.0119760479042	0.0119760479042	0.700598802395	
0.0299401197605	0.0718562874251	0.0359281437126	0.059880239521	0.0179640718563	0.0119760479042	0.0119760479042	0.0059880239521	0.0119760479042	0.0179640718563	0.724550898204	
0.0419161676647	0.0778443113772	0.0359281437126	0.0538922155689	0.0239520958084	0.0239520958084	0.0119760479042	0.0239520958084	0.0119760479042	0.0059880239521	0.688622754491	
0.0359281437126	0.0419161676647	0.0299401197605	0.0359281437126	0.0059880239521	0.0059880239521	0.0239520958084	0	0.0179640718563	0	0.802395209581	
0.0299401197605	0.0778443113772	0.0239520958084	0.0838323353293	0.0299401197605	0.0239520958084	0.0179640718563	0.0059880239521	0	0.0059880239521	0.700598802395	
0.0299401197605	0.0239520958084	0.0538922155689	0.0239520958084	0.0119760479042	0.0119760479042	0.0179640718563	0.0119760479042	0	0.0119760479042	0.802395209581	
0.0538922155689	0.0538922155689	0.0658682634731	0.0299401197605	0.0119760479042	0.0119760479042	0.0179640718563	0.0239520958084	0	0.0059880239521	0.724550898204	
0.0239520958084	0.0838323353293	0.0299401197605	0.0419161676647	0.0299401197605	0.0299401197605	0.0239520958084	0.0179640718563	0.0179640718563	0.0059880239521	0.694610778443	
0.0119760479042	0.0538922155689	0.0239520958084	0.059880239521	0.0119760479042	0.0359281437126	0.0239520958084	0.0179640718563	0.0299401197605	0.0059880239521	0.724550898204	
0.0179640718563	0.0538922155689	0.0479041916168	0.0179640718563	0.0239520958084	0.0179640718563	0.0059880239521	0	0.0239520958084	0	0.790419161677	
0.059880239521	0.0718562874251	0.0179640718563	0.0359281437126	0.0538922155689	0.0359281437126	0.0119760479042	0.0059880239521	0	0.0179640718563	0.688622754491	
0.0239520958084	0.0658682634731	0.0838323353293	0.0538922155689	0.0239520958084	0.0179640718563	0.0119760479042	0	0.0059880239521	0.0179640718563	0.694610778443	
0.0179640718563	0.0359281437126	0.0239520958084	0.0479041916168	0.0419161676647	0.0359281437126	0.0119760479042	0.0179640718563	0.0419161676647	0.0179640718563	0.706586826347	
0.0658682634731	0.0359281437126	0.059880239521	0.0658682634731	0.0179640718563	0.0119760479042	0.0179640718563	0	0.0179640718563	0.0119760479042	0.694610778443	
0.0538922155689	0.0419161676647	0.0479041916168	0.0658682634731	0.0179640718563	0.0299401197605	0.0419161676647	0.0059880239521	0.0119760479042	0.0059880239521	0.676646706587	
0.0239520958084	0.059880239521	0.0359281437126	0.0299401197605	0.0299401197605	0.0179640718563	0.0419161676647	0.0119760479042	0	0	0.748502994012	
0.0538922155689	0.0359281437126	0.0299401197605	0.0479041916168	0.0119760479042	0.0419161676647	0.0119760479042	0.0059880239521	0.0059880239521	0.0119760479042	0.74251497006	
0.0359281437126	0.0359281437126	0.0239520958084	0.0359281437126	0.0179640718563	0.0239520958084	0.0299401197605	0.0059880239521	0.0359281437126	0.0119760479042	0.74251497006	
0.0479041916168	0.059880239521	0.0479041916168	0.0718562874251	0.0179640718563	0.0359281437126	0.0179640718563	0.0119760479042	0.0119760479042	0.0119760479042	0.664670658683	
0.0359281437126	0.0359281437126	0.0479041916168	0.0538922155689	0.0359281437126	0.0179640718563	0.0119760479042	0.0119760479042	0.0179640718563	0.0179640718563	0.712574850299	
0.0239520958084	0.0479041916168	0.059880239521	0.0658682634731	0.0299401197605	0.0239520958084	0.0179640718563	0	0.0119760479042	0.0059880239521	0.712574850299	
0.0239520958084	0.0059880239521	0.0538922155689	0.0359281437126	0.0239520958084	0.0119760479042	0.0119760479042	0.0119760479042	0.0239520958084	0.0119760479042	0.784431137725	
0.0419161676647	0.0059880239521	0.0239520958084	0	0.0359281437126	0.0239520958084	0.0059880239521	0.0059880239521	0.0119760479042	0.0239520958084	0.820359281437	
0.0239520958084	0	0.0059880239521	0	0.0059880239521	0.0239520958084	0.0119760479042	0.0419161676647	0.0119760479042	0.0179640718563	0.85628742515	
0	0	0	0.0059880239521	0.0299401197605	0.0299401197605	0	0.0179640718563	0.0059880239521	0.0119760479042	0.898203592814	
0	0	0	0.0119760479042	0.0119760479042	0.0239520958084	0.0179640718563	0.0359281437126	0.0119760479042	0.0179640718563	0.868263473054	
0	0.0119760479042	0.0119760479042	0.0119760479042	0.0299401197605	0.0419161676647	0.0179640718563	0.0179640718563	0.0059880239521	0.0119760479042	0.838323353293	
0	0	0.0059880239521	0.0059880239521	0.0479041916168	0.059880239521	0.0179640718563	0.0239520958084	0.0179640718563	0.0119760479042	0.808383233533	
0.0479041916168	0.0838323353293	0.0359281437126	0.0359281437126	0.0059880239521	0.0179640718563	0.0179640718563	0.0059880239521	0.0179640718563	0.0359281437126	0.694610778443	
0.059880239521	0.059880239521	0.0419161676647	0.059880239521	0.0299401197605	0.0479041916168	0.0059880239521	0	0.0059880239521	0.0299401197605	0.658682634731	
0.0179640718563	0.0778443113772	0.0239520958084	0.0658682634731	0.0179640718563	0.0059880239521	0.0119760479042	0	0.0299401197605	0.0059880239521	0.74251497006	
0.0359281437126	0.0538922155689	0.0538922155689	0.0538922155689	0.0419161676647	0.0299401197605	0.0119760479042	0.0179640718563	0.0179640718563	0.0059880239521	0.676646706587	
0.0239520958084	0.0239520958084	0.0538922155689	0.059880239521	0.0359281437126	0.0179640718563	0.0299401197605	0	0.0179640718563	0.0119760479042	0.724550898204	
0.0419161676647	0.0538922155689	0.0359281437126	0.0479041916168	0.0299401197605	0.0239520958084	0.0359281437126	0.0179640718563	0.0179640718563	0.0179640718563	0.676646706587	
0.0299401197605	0.0658682634731	0.0538922155689	0.059880239521	0.0479041916168	0.0059880239521	0.0119760479042	0.0059880239521	0.0119760479042	0.0059880239521	0.700598802395	
0.0179640718563	0.0538922155689	0.0538922155689	0.0419161676647	0.0299401197605	0.0359281437126	0.0119760479042	0.0119760479042	0.0119760479042	0	0.730538922156	
0.0119760479042	0.0658682634731	0.0538922155689	0.0658682634731	0.0299401197605	0.0239520958084	0.0059880239521	0.0059880239521	0.0119760479042	0.0059880239521	0.718562874251	
0.0119760479042	0.0898203592814	0.0299401197605	0.0419161676647	0.0359281437126	0.0239520958084	0.0119760479042	0.0179640718563	0.0119760479042	0.0059880239521	0.718562874251	
0.0119760479042	0.059880239521	0.0419161676647	0.0538922155689	0.0239520958084	0.0119760479042	0.0179640718563	0.0119760479042	0.0179640718563	0.0119760479042	0.736526946108	
0.0479041916168	0.0299401197605	0.0658682634731	0.0239520958084	0.0299401197605	0.0179640718563	0.0239520958084	0.0179640718563	0.0059880239521	0.0059880239521	0.730538922156	
0.0179640718563	0.059880239521	0.059880239521	0.059880239521	0.0239520958084	0.0119760479042	0.0119760479042	0.0179640718563	0.0059880239521	0.0119760479042	0.718562874251	
0.0359281437126	0.059880239521	0.0718562874251	0.0359281437126	0.0239520958084	0.0239520958084	0.0119760479042	0.0179640718563	0.0239520958084	0.0119760479042	0.682634730539	
0.0299401197605	0.0658682634731	0.0419161676647	0.0239520958084	0.0119760479042	0.0119760479042	0.0059880239521	0.0059880239521	0.0119760479042	0.0179640718563	0.77245508982	
0.0299401197605	0.0658682634731	0.0359281437126	0.0838323353293	0.0299401197605	0.0299401197605	0	0.0119760479042	0.0059880239521	0	0.706586826347	
0.0119760479042	0.0419161676647	0.0718562874251	0.0538922155689	0.0059880239521	0.0179640718563	0.0299401197605	0.0179640718563	0.0119760479042	0.0119760479042	0.724550898204	
0.0299401197605	0.0299401197605	0.0359281437126	0.059880239521	0.0299401197605	0.0359281437126	0.0119760479042	0.0119760479042	0.0119760479042	0.0059880239521	0.736526946108	
0.0419161676647	0.059880239521	0.0299401197605	0.0299401197605	0.0299401197605	0.0239520958084	0.0359281437126	0.0119760479042	0.0059880239521	0.0239520958084	0.706586826347	
0.0299401197605	0.0718562874251	0.0359281437126	0.0359281437126	0.0359281437126	0.0119760479042	0.0359281437126	0.0059880239521	0.0239520958084	0	0.712574850299	
0.0239520958084	0.0538922155689	0.0359281437126	0.0479041916168	0.0359281437126	0.0299401197605	0.0119760479042	0.0179640718563	0	0.0119760479042	0.730538922156	
0.0479041916168	0.0359281437126	0.059880239521	0.0359281437126	0.0059880239521	0.0179640718563	0.0059880239521	0.0119760479042	0.0239520958084	0.0059880239521	0.748502994012	
0.0359281437126	0.0658682634731	0.0239520958084	0.0658682634731	0.0239520958084	0.0299401197605	0.0059880239521	0	0.0179640718563	0.0359281437126	0.694610778443	
0.0119760479042	0.059880239521	0.0718562874251	0.0718562874251	0.0119760479042	0.0299401197605	0.0119760479042	0.0119760479042	0.0179640718563	0	0.700598802395	
0.0299401197605	0.101796407186	0.0359281437126	0.0838323353293	0.0359281437126	0.0239520958084	0	0.0119760479042	0.0119760479042	0.0239520958084	0.640718562874	
0.0419161676647	0.0838323353293	0.0479041916168	0.0898203592814	0.0119760479042	0.0119760479042	0.0119760479042	0.0059880239521	0	0.0119760479042	0.682634730539	
0.0179640718563	0.0419161676647	0.0179640718563	0.0359281437126	0.0179640718563	0.0239520958084	0	0.0239520958084	0.0119760479042	0	0.808383233533	
0.0658682634731	0.0778443113772	0.059880239521	0.0359281437126	0.0239520958084	0.0299401197605	0	0.0179640718563	0.0299401197605	0.0179640718563	0.640718562874	
0.0239520958084	0.0419161676647	0.0359281437126	0.0359281437126	0.0059880239521	0.0359281437126	0.0059880239521	0.0059880239521	0.0059880239521	0.0119760479042	0.790419161677	
0.0119760479042	0.059880239521	0.0658682634731	0.0419161676647	0.0179640718563	0.0119760479042	0.0119760479042	0.0059880239521	0	0.0179640718563	0.754491017964	
0.0419161676647	0.0718562874251	0.0179640718563	0.0479041916168	0.0299401197605	0.0419161676647	0	0.0059880239521	0.0179640718563	0.0179640718563	0.706586826347	
0.0239520958084	0.0359281437126	0.0299401197605	0.0179640718563	0.0179640718563	0.0179640718563	0.0119760479042	0.0119760479042	0.0119760479042	0.0119760479042	0.808383233533	
0.0419161676647	0.0718562874251	0.059880239521	0.0419161676647	0.0538922155689	0.0179640718563	0.0059880239521	0.0059880239521	0.0119760479042	0.0179640718563	0.670658682635	
0.0538922155689	0.0898203592814	0.0239520958084	0.059880239521	0.0299401197605	0.0299401197605	0.0059880239521	0.0059880239521	0.0119760479042	0.0179640718563	0.670658682635	
0.0179640718563	0.059880239521	0.0419161676647	0.0479041916168	0.0059880239521	0.0179640718563	0	0.0299401197605	0.0179640718563	0	0.760479041916	
0.0538922155689	0.0479041916168	0.0299401197605	0.0359281437126	0.0299401197605	0.0119760479042	0.0119760479042	0.0119760479042	0.0179640718563	0.0059880239521	0.74251497006	
0.059880239521	0.0658682634731	0.0179640718563	0.0419161676647	0.0179640718563	0.0419161676647	0.0239520958084	0.0239520958084	0.0239520958084	0	0.682634730539	
0.0299401197605	0.0538922155689	0.0479041916168	0.0658682634731	0.0359281437126	0.0239520958084	0.0179640718563	0.0179640718563	0.0299401197605	0	0.676646706587	
0.0179640718563	0.0658682634731	0.0299401197605	0.0179640718563	0.0239520958084	0.0179640718563	0	0.0119760479042	0.0119760479042	0.0059880239521	0.796407185629	
0.0359281437126	0.0359281437126	0.0119760479042	0.059880239521	0.0119760479042	0.0239520958084	0	0.0059880239521	0.0239520958084	0.0239520958084	0.766467065868	
0.0299401197605	0.0718562874251	0.0658682634731	0.0718562874251	0.0479041916168	0.0119760479042	0.0119760479042	0.0059880239521	0.0119760479042	0.0059880239521	0.664670658683	
0.0419161676647	0.101796407186	0.0538922155689	0.059880239521	0.0239520958084	0.0119760479042	0.0119760479042	0.0059880239521	0.0059880239521	0.0059880239521	0.676646706587	
0.0179640718563	0.0538922155689	0.0479041916168	0.0239520958084	0.0299401197605	0.0119760479042	0.0179640718563	0.0119760479042	0	0.0059880239521	0.778443113772	
0.0179640718563	0.0179640718563	0.0419161676647	0.0419161676647	0.0179640718563	0.0179640718563	0.0179640718563	0.0239520958084	0.0119760479042	0.0239520958084	0.766467065868	
0.0239520958084	0.0479041916168	0.0299401197605	0.0658682634731	0.0119760479042	0.0359281437126	0.0299401197605	0.0119760479042	0.0059880239521	0.0179640718563	0.718562874251	
0.0299401197605	0.0718562874251	0.0538922155689	0.0538922155689	0.0359281437126	0.0119760479042	0.0239520958084	0.0059880239521	0.0179640718563	0	0.694610778443	
0.0479041916168	0.0419161676647	0.0419161676647	0.059880239521	0.0239520958084	0.0299401197605	0.0239520958084	0.0059880239521	0.0359281437126	0.0179640718563	0.670658682635	
0.0179640718563	0.0778443113772	0.0299401197605	0.0538922155689	0.0239520958084	0.0119760479042	0.0239520958084	0.0059880239521	0.0239520958084	0.0119760479042	0.718562874251	
0.0359281437126	0.0479041916168	0.0179640718563	0.0718562874251	0.0538922155689	0.0359281437126	0.0239520958084	0.0119760479042	0.0119760479042	0.0059880239521	0.682634730539	
0.0179640718563	0.059880239521	0.0419161676647	0.0658682634731	0.0059880239521	0.0299401197605	0.0299401197605	0.0179640718563	0.0119760479042	0.0179640718563	0.700598802395	
0.0419161676647	0.0479041916168	0.0419161676647	0.059880239521	0.0359281437126	0.0179640718563	0.0119760479042	0.0119760479042	0.0239520958084	0.0059880239521	0.700598802395	
0.0359281437126	0.0419161676647	0.0119760479042	0.0299401197605	0.0119760479042	0.0119760479042	0.0179640718563	0	0.0119760479042	0.0179640718563	0.808383233533	
0.0479041916168	0.107784431138	0.0419161676647	0.0718562874251	0.0119760479042	0.0059880239521	0.0299401197605	0.0119760479042	0.0119760479042	0	0.658682634731	
0.0299401197605	0.059880239521	0.0419161676647	0.0479041916168	0.0119760479042	0.0359281437126	0.0299401197605	0.0119760479042	0.0299401197605	0.0059880239521	0.694610778443	
0.0239520958084	0.0538922155689	0.0658682634731	0.0479041916168	0.0419161676647	0.0119760479042	0.0179640718563	0.0059880239521	0	0.0179640718563	0.712574850299	
0.0419161676647	0.0538922155689	0.0119760479042	0.0538922155689	0.0059880239521	0.0359281437126	0	0.0179640718563	0.0179640718563	0.0059880239521	0.754491017964	
0.0119760479042	0.0538922155689	0.0419161676647	0.0898203592814	0.0119760479042	0.0059880239521	0.0299401197605	0.0119760479042	0.0119760479042	0.0179640718563	0.712574850299	
0.0479041916168	0.0538922155689	0.0299401197605	0.0419161676647	0.0119760479042	0.0359281437126	0.0059880239521	0	0.0119760479042	0.0059880239521	0.754491017964	
0.0239520958084	0.059880239521	0.0359281437126	0.0718562874251	0.0239520958084	0.0179640718563	0.0179640718563	0	0.0179640718563	0.0119760479042	0.718562874251	
0.0359281437126	0.0479041916168	0.059880239521	0.0359281437126	0.0179640718563	0.0419161676647	0.0239520958084	0.0119760479042	0	0.0179640718563	0.706586826347	
0.0299401197605	0.059880239521	0.0538922155689	0.059880239521	0.0119760479042	0.0179640718563	0.0179640718563	0.0119760479042	0.0119760479042	0	0.724550898204	
0.059880239521	0.0359281437126	0.0359281437126	0.0538922155689	0.0119760479042	0.0119760479042	0.0059880239521	0	0.0059880239521	0.0119760479042	0.766467065868	
0.0419161676647	0.0538922155689	0.0538922155689	0.0538922155689	0.0119760479042	0.0179640718563	0	0.0179640718563	0.0119760479042	0.0059880239521	0.730538922156	
0.0538922155689	0.0479041916168	0.0299401197605	0.0419161676647	0.0179640718563	0.0179640718563	0.0119760479042	0.0359281437126	0.0059880239521	0.0059880239521	0.730538922156	
0.0419161676647	0.0419161676647	0.0239520958084	0.0359281437126	0.0179640718563	0.0359281437126	0.0239520958084	0.0059880239521	0.0239520958084	0.0119760479042	0.736526946108	
0.0239520958084	0.0778443113772	0.0239520958084	0.0538922155689	0.0359281437126	0.0179640718563	0.0179640718563	0.0179640718563	0.0119760479042	0.0239520958084	0.694610778443	
0.0299401197605	0.0838323353293	0.0359281437126	0.0239520958084	0.0359281437126	0.0359281437126	0.0179640718563	0.0059880239521	0.0119760479042	0.0239520958084	0.694610778443	
0.0538922155689	0.0299401197605	0.0718562874251	0.0479041916168	0.0299401197605	0.0479041916168	0.0419161676647	0.0059880239521	0.0059880239521	0.0179640718563	0.646706586826	
0.0479041916168	0.0479041916168	0.0419161676647	0.0538922155689	0.0059880239521	0.0359281437126	0.0299401197605	0.0179640718563	0.0179640718563	0.0239520958084	0.676646706587	
0.0299401197605	0.0538922155689	0.0239520958084	0.059880239521	0.0239520958084	0.0419161676647	0.0179640718563	0.0059880239521	0.0119760479042	0.0119760479042	0.718562874251	
0.0299401197605	0.0479041916168	0.0538922155689	0.0299401197605	0.0419161676647	0.0419161676647	0.0119760479042	0.0179640718563	0.0059880239521	0.0119760479042	0.706586826347	
0.0239520958084	0.0538922155689	0.0538922155689	0.0718562874251	0.0359281437126	0.0119760479042	0.0239520958084	0.0119760479042	0.0179640718563	0.0119760479042	0.682634730539	
0.0299401197605	0.0658682634731	0.0479041916168	0.0239520958084	0.0119760479042	0.0538922155689	0.0059880239521	0.0059880239521	0.0059880239521	0.0179640718563	0.730538922156	
0.059880239521	0.0479041916168	0.0299401197605	0.0359281437126	0.0119760479042	0.0239520958084	0.0119760479042	0.0119760479042	0.0059880239521	0.0299401197605	0.730538922156	
0.0419161676647	0.0718562874251	0.0299401197605	0.0419161676647	0.0299401197605	0.0059880239521	0.0059880239521	0.0119760479042	0.0059880239521	0.0299401197605	0.724550898204	
0.0179640718563	0.0718562874251	0.0239520958084	0.0538922155689	0.0299401197605	0.0299401197605	0.0059880239521	0.0119760479042	0.0239520958084	0.0059880239521	0.724550898204	
0.0239520958084	0.0359281437126	0.0359281437126	0.0419161676647	0.0479041916168	0.0359281437126	0.0179640718563	0.0179640718563	0.0239520958084	0	0.718562874251	
0.0239520958084	0.059880239521	0.0419161676647	0.0718562874251	0.0179640718563	0.0179640718563	0.0179640718563	0.0059880239521	0.0299401197605	0.0119760479042	0.700598802395	
0.0239520958084	0.059880239521	0.0299401197605	0.0419161676647	0.0239520958084	0.0299401197605	0.0119760479042	0.0059880239521	0.0059880239521	0.0239520958084	0.74251497006	
0.0239520958084	0.0658682634731	0.0299401197605	0.0479041916168	0.0299401197605	0.0179640718563	0.0239520958084	0.0119760479042	0.0119760479042	0.0119760479042	0.724550898204	
0.0179640718563	0.0538922155689	0.0299401197605	0.0479041916168	0.0059880239521	0.0239520958084	0.0119760479042	0.0299401197605	0.0059880239521	0.0059880239521	0.766467065868	
0.0119760479042	0.0538922155689	0.0359281437126	0.0479041916168	0.0119760479042	0.0179640718563	0.0119760479042	0.0119760479042	0.0359281437126	0.0179640718563	0.74251497006	
0.0419161676647	0.0479041916168	0.059880239521	0.059880239521	0.0179640718563	0.0119760479042	0.0179640718563	0.0179640718563	0.0179640718563	0.0119760479042	0.694610778443	
0.0359281437126	0.0538922155689	0.0179640718563	0.0419161676647	0.0239520958084	0.0239520958084	0.0299401197605	0	0.0119760479042	0.0239520958084	0.736526946108	
0.0419161676647	0.0778443113772	0.0359281437126	0.0658682634731	0.0239520958084	0.0179640718563	0	0	0.0179640718563	0.0179640718563	0.700598802395	
0.0299401197605	0.059880239521	0.0299401197605	0.0538922155689	0.0239520958084	0.0299401197605	0	0.0119760479042	0.0179640718563	0.0179640718563	0.724550898204	
0.0479041916168	0.0718562874251	0.0239520958084	0.0239520958084	0.0239520958084	0.0119760479042	0.0119760479042	0.0239520958084	0.0119760479042	0.0059880239521	0.74251497006	
0.0299401197605	0.0898203592814	0.0359281437126	0.0239520958084	0.0179640718563	0.0299401197605	0.0359281437126	0.0119760479042	0.0059880239521	0.0119760479042	0.706586826347	
0.0179640718563	0.0958083832335	0.0479041916168	0.0299401197605	0.0239520958084	0.0179640718563	0.0059880239521	0.0119760479042	0.0179640718563	0.0059880239521	0.724550898204	
0.0299401197605	0.0838323353293	0.0658682634731	0.0179640718563	0.0299401197605	0.0119760479042	0.0179640718563	0.0299401197605	0.0179640718563	0.0119760479042	0.682634730539	
0.0658682634731	0.0538922155689	0.0419161676647	0.059880239521	0.0299401197605	0.0359281437126	0.0059880239521	0.0119760479042	0.0059880239521	0.0179640718563	0.670658682635	
0.0119760479042	0.0538922155689	0.0658682634731	0.0479041916168	0.0179640718563	0.0239520958084	0.0059880239521	0.0059880239521	0.0119760479042	0.0059880239521	0.748502994012	
0.0359281437126	0.0419161676647	0.0479041916168	0.0479041916168	0.0059880239521	0.0179640718563	0.0299401197605	0	0.0359281437126	0.0059880239521	0.730538922156	
0.0239520958084	0.0359281437126	0.0359281437126	0.0419161676647	0.0119760479042	0.0059880239521	0.0239520958084	0	0	0.0179640718563	0.802395209581	
0.0479041916168	0.0419161676647	0.0239520958084	0.059880239521	0.0359281437126	0.0059880239521	0.0359281437126	0.0119760479042	0.0059880239521	0.0119760479042	0.718562874251	
0.0479041916168	0.059880239521	0.0299401197605	0.0359281437126	0.0179640718563	0.0239520958084	0.0119760479042	0.0119760479042	0.0059880239521	0.0179640718563	0.736526946108	
0.0359281437126	0.0658682634731	0.0538922155689	0.0479041916168	0.0179640718563	0.0179640718563	0.0299401197605	0	0.0299401197605	0.0119760479042	0.688622754491	
0.0299401197605	0.0778443113772	0.059880239521	0.0419161676647	0.0179640718563	0.0239520958084	0.0299401197605	0.0059880239521	0.0179640718563	0.0119760479042	0.682634730539	
0.0538922155689	0.0479041916168	0.0179640718563	0.0419161676647	0.0059880239521	0.0239520958084	0.0299401197605	0.0179640718563	0.0119760479042	0.0299401197605	0.718562874251	
0.0239520958084	0.0658682634731	0.0658682634731	0.0538922155689	0.0359281437126	0.0239520958084	0.0059880239521	0.0119760479042	0.0059880239521	0.0059880239521	0.700598802395	
0.0359281437126	0.0778443113772	0.0538922155689	0.0658682634731	0.0299401197605	0.0299401197605	0.0179640718563	0.0059880239521	0.0179640718563	0.0179640718563	0.646706586826	
0.0479041916168	0.0778443113772	0.0359281437126	0.0239520958084	0.0059880239521	0.0179640718563	0.0419161676647	0.0059880239521	0.0059880239521	0.0179640718563	0.718562874251	
0.0479041916168	0.059880239521	0.0299401197605	0.0479041916168	0.0239520958084	0.0359281437126	0	0.0119760479042	0.0059880239521	0.0179640718563	0.718562874251	
0.0359281437126	0.0479041916168	0.0419161676647	0.0718562874251	0.0419161676647	0.0299401197605	0.0119760479042	0.0119760479042	0	0.0059880239521	0.700598802395	
0.0179640718563	0.0359281437126	0.0479041916168	0.0479041916168	0.0119760479042	0.0179640718563	0.0179640718563	0.0299401197605	0.0059880239521	0.0059880239521	0.760479041916	
0.0119760479042	0.0419161676647	0.0359281437126	0.0359281437126	0.0359281437126	0.0119760479042	0.0059880239521	0.0179640718563	0.0179640718563	0.0179640718563	0.766467065868	
0.0359281437126	0.0778443113772	0.0299401197605	0.0299401197605	0.0419161676647	0.0239520958084	0.0119760479042	0.0119760479042	0.0179640718563	0.0239520958084	0.694610778443	
0.0059880239521	0.0718562874251	0.0179640718563	0.0419161676647	0.0239520958084	0.0239520958084	0.0179640718563	0.0179640718563	0.0119760479042	0.0059880239521	0.760479041916	
0.0538922155689	0.059880239521	0.0479041916168	0.0479041916168	0.0119760479042	0.0239520958084	0.0119760479042	0.0119760479042	0.0059880239521	0.0119760479042	0.712574850299	
