0.0147058823529	0.00980392156863	0.0196078431373	0.0147058823529	0.0343137254902	0.0539215686275	0.0392156862745	0.00980392156863	0.0147058823529	0	0.789215686275	
0.0294117647059	0.0147058823529	0.0490196078431	0.0539215686275	0.0294117647059	0.0490196078431	0.0147058823529	0.00980392156863	0.00490196078431	0.00490196078431	0.740196078431	
0.0294117647059	0.0196078431373	0.0245098039216	0.00980392156863	0.0245098039216	0.0490196078431	0.0490196078431	0.0294117647059	0.0294117647059	0.00490196078431	0.730392156863	
0.0539215686275	0.0245098039216	0.0343137254902	0.0343137254902	0.0294117647059	0.0343137254902	0.0539215686275	0	0.0147058823529	0	0.720588235294	
0.0294117647059	0.0196078431373	0.0245098039216	0.0588235294118	0.0588235294118	0.093137254902	0.0392156862745	0.0196078431373	0.0196078431373	0.00490196078431	0.632352941176	
0.0392156862745	0.0343137254902	0.0343137254902	0.0294117647059	0.0343137254902	0.0686274509804	0.0245098039216	0.0147058823529	0.0343137254902	0	0.686274509804	
0.0245098039216	0.0441176470588	0.0539215686275	0.0147058823529	0.0196078431373	0.0490196078431	0.0441176470588	0.00490196078431	0.00980392156863	0	0.735294117647	
0.0245098039216	0.0196078431373	0.0294117647059	0.00490196078431	0.0294117647059	0.0343137254902	0.0343137254902	0.0147058823529	0.0245098039216	0	0.78431372549	
0.0441176470588	0.0588235294118	0.0539215686275	0.0147058823529	0.0441176470588	0.0343137254902	0.0441176470588	0.00490196078431	0.00490196078431	0.00980392156863	0.686274509804	
0.0490196078431	0.0294117647059	0.0343137254902	0.0294117647059	0.0294117647059	0.0392156862745	0.0588235294118	0.00490196078431	0.0245098039216	0	0.700980392157	
0.0147058823529	0.0294117647059	0.0343137254902	0.00980392156863	0.0196078431373	0.0392156862745	0.0686274509804	0.00980392156863	0.0294117647059	0	0.745098039216	
0.0392156862745	0.0294117647059	0.0294117647059	0.00980392156863	0.0245098039216	0.0392156862745	0.0637254901961	0.00490196078431	0.0196078431373	0.00490196078431	0.735294117647	
0.0343137254902	0.0196078431373	0.0490196078431	0.0245098039216	0.0343137254902	0.0539215686275	0.0294117647059	0.0147058823529	0.00980392156863	0	0.730392156863	
0.0686274509804	0.0245098039216	0.0343137254902	0.0196078431373	0.0196078431373	0.0392156862745	0.0392156862745	0.0147058823529	0.0147058823529	0.00980392156863	0.71568627451	
0.0343137254902	0.00980392156863	0.0196078431373	0.0245098039216	0.0539215686275	0.0343137254902	0.0392156862745	0.0196078431373	0.00980392156863	0.00490196078431	0.75	
0.0343137254902	0.0392156862745	0.0196078431373	0.0294117647059	0.0245098039216	0.0490196078431	0.0490196078431	0.00980392156863	0.0343137254902	0	0.710784313725	
0.0392156862745	0.0392156862745	0.0441176470588	0.0196078431373	0.0392156862745	0.0637254901961	0.0441176470588	0.0147058823529	0.0147058823529	0	0.68137254902	
0.0196078431373	0.0245098039216	0.0441176470588	0.0343137254902	0.0294117647059	0.0637254901961	0.0441176470588	0.00980392156863	0.0147058823529	0	0.71568627451	
0.0147058823529	0.00980392156863	0.0441176470588	0.0245098039216	0.0441176470588	0.0539215686275	0.0343137254902	0.0147058823529	0.00980392156863	0.00490196078431	0.745098039216	
0.0539215686275	0.00490196078431	0.0147058823529	0.0245098039216	0.0196078431373	0.0490196078431	0.0441176470588	0.00490196078431	0.0147058823529	0.00490196078431	0.764705882353	
0.0147058823529	0.0294117647059	0.0294117647059	0.00980392156863	0.0245098039216	0.0392156862745	0.0686274509804	0.00490196078431	0.0147058823529	0.00980392156863	0.754901960784	
0.0392156862745	0.0294117647059	0.0343137254902	0.0196078431373	0.0196078431373	0.0392156862745	0.0392156862745	0.0147058823529	0.0147058823529	0.00980392156863	0.740196078431	
0.0245098039216	0.0490196078431	0.0294117647059	0.0147058823529	0.0441176470588	0.0588235294118	0.0343137254902	0.00490196078431	0.0147058823529	0.00490196078431	0.720588235294	
0.0539215686275	0.0294117647059	0.0490196078431	0.0392156862745	0.0245098039216	0.0539215686275	0.0294117647059	0.00490196078431	0.0147058823529	0.00490196078431	0.696078431373	
0.0441176470588	0.0147058823529	0.0196078431373	0.0196078431373	0.0539215686275	0.0539215686275	0.0343137254902	0.00980392156863	0.0196078431373	0	0.730392156863	
0.0147058823529	0.0294117647059	0.0441176470588	0.0343137254902	0.0441176470588	0.0490196078431	0.0343137254902	0.0196078431373	0.0147058823529	0	0.71568627451	
0.0343137254902	0.0294117647059	0.0490196078431	0.0147058823529	0.0441176470588	0.0441176470588	0.0441176470588	0.0245098039216	0.00490196078431	0.00490196078431	0.705882352941	
0.0441176470588	0.0245098039216	0.0245098039216	0.0294117647059	0.0147058823529	0.0833333333333	0.0539215686275	0.00490196078431	0.00980392156863	0	0.710784313725	
0.0490196078431	0.0245098039216	0.0245098039216	0.00980392156863	0.0245098039216	0.0392156862745	0.0245098039216	0.00980392156863	0.0147058823529	0	0.779411764706	
0.0245098039216	0.0294117647059	0.0245098039216	0.0196078431373	0.00980392156863	0.0441176470588	0.0441176470588	0.00980392156863	0.0294117647059	0.0196078431373	0.745098039216	
0.0392156862745	0.0441176470588	0.0343137254902	0.0147058823529	0.0343137254902	0.0196078431373	0.0588235294118	0.0196078431373	0.0147058823529	0	0.720588235294	
0.0441176470588	0.00980392156863	0.0196078431373	0.0147058823529	0.0196078431373	0.078431372549	0.0539215686275	0.0343137254902	0.00980392156863	0	0.71568627451	
0.0392156862745	0.0392156862745	0.0343137254902	0.0147058823529	0.0147058823529	0.0539215686275	0.0343137254902	0.00980392156863	0.00980392156863	0.00980392156863	0.740196078431	
0.0245098039216	0.0147058823529	0.0490196078431	0.00980392156863	0.0392156862745	0.0441176470588	0.0294117647059	0.0245098039216	0.0196078431373	0	0.745098039216	
0.0196078431373	0.00980392156863	0.0343137254902	0.0245098039216	0.0343137254902	0.0490196078431	0.0539215686275	0.00980392156863	0.0294117647059	0	0.735294117647	
0.0294117647059	0.0196078431373	0.0441176470588	0.0147058823529	0.0392156862745	0.0735294117647	0.0392156862745	0.0196078431373	0.0245098039216	0	0.696078431373	
0.0343137254902	0.00980392156863	0.0245098039216	0.00980392156863	0.0245098039216	0.0637254901961	0.0245098039216	0.0196078431373	0.0147058823529	0.00490196078431	0.769607843137	
0.0147058823529	0.0294117647059	0.0343137254902	0.0392156862745	0.0490196078431	0.078431372549	0.0441176470588	0.0147058823529	0.0294117647059	0.00490196078431	0.661764705882	
0.0441176470588	0.0245098039216	0.0147058823529	0.0294117647059	0.0392156862745	0.0245098039216	0.0588235294118	0.0245098039216	0.0245098039216	0.00490196078431	0.710784313725	
0.0196078431373	0.0245098039216	0.0343137254902	0.0147058823529	0.0490196078431	0.0490196078431	0.0686274509804	0.0245098039216	0.00980392156863	0.00490196078431	0.700980392157	
0.0245098039216	0.0343137254902	0.0539215686275	0.0147058823529	0.0294117647059	0.0392156862745	0.0490196078431	0.00490196078431	0.0196078431373	0.00490196078431	0.725490196078	
0.0343137254902	0.0392156862745	0.0196078431373	0.0343137254902	0.0147058823529	0.0833333333333	0.0588235294118	0.0147058823529	0.0245098039216	0.00490196078431	0.671568627451	
0.0392156862745	0.0147058823529	0.0147058823529	0.0294117647059	0.0343137254902	0.0588235294118	0.0245098039216	0.00980392156863	0.0196078431373	0	0.754901960784	
0.0147058823529	0.0196078431373	0.0245098039216	0.0245098039216	0.0392156862745	0.0588235294118	0.0343137254902	0	0.00980392156863	0.00490196078431	0.769607843137	
0.0392156862745	0.0392156862745	0.0539215686275	0.0196078431373	0.0147058823529	0.0441176470588	0.0196078431373	0.00490196078431	0.0294117647059	0.00490196078431	0.730392156863	
0.0245098039216	0.00980392156863	0.0539215686275	0.0294117647059	0.0392156862745	0.0441176470588	0.0637254901961	0.00980392156863	0.00980392156863	0	0.71568627451	
0.0147058823529	0.0245098039216	0.0392156862745	0.0490196078431	0.0196078431373	0.0637254901961	0.0441176470588	0.0343137254902	0.00490196078431	0.00980392156863	0.696078431373	
0.0392156862745	0.0245098039216	0.0441176470588	0.0196078431373	0.0245098039216	0.0392156862745	0.0245098039216	0.00490196078431	0.0343137254902	0.0147058823529	0.730392156863	
0.0392156862745	0.0294117647059	0.0343137254902	0.0147058823529	0.0245098039216	0.0735294117647	0.0490196078431	0.00980392156863	0.00490196078431	0.00490196078431	0.71568627451	
0.0245098039216	0.0245098039216	0.0245098039216	0.0196078431373	0.0343137254902	0.0196078431373	0.0539215686275	0.00490196078431	0	0	0.794117647059	
0.0343137254902	0.0441176470588	0.00980392156863	0.0245098039216	0.0343137254902	0.0392156862745	0.00490196078431	0.0196078431373	0.0196078431373	0.00490196078431	0.764705882353	
0.0343137254902	0.00980392156863	0.0343137254902	0.0245098039216	0.0294117647059	0.0294117647059	0.0392156862745	0.00490196078431	0.0294117647059	0	0.764705882353	
0.0245098039216	0.0245098039216	0.0539215686275	0.00980392156863	0.0245098039216	0.0490196078431	0.0588235294118	0.0147058823529	0.00490196078431	0	0.735294117647	
0.0441176470588	0.0343137254902	0.0392156862745	0.0294117647059	0.0392156862745	0.0637254901961	0.0441176470588	0.0147058823529	0.0196078431373	0.00980392156863	0.661764705882	
0.0441176470588	0.0196078431373	0.0490196078431	0.0294117647059	0.0490196078431	0.0294117647059	0.0343137254902	0.00980392156863	0.0147058823529	0.0147058823529	0.705882352941	
0.0294117647059	0.0343137254902	0.0294117647059	0.0343137254902	0.0343137254902	0.078431372549	0.0441176470588	0.0245098039216	0.00980392156863	0.00980392156863	0.671568627451	
0.0441176470588	0.0196078431373	0.0343137254902	0.0294117647059	0.00980392156863	0.0245098039216	0.0490196078431	0.0147058823529	0.0196078431373	0.00980392156863	0.745098039216	
0.00980392156863	0.0147058823529	0.0245098039216	0.0294117647059	0.0245098039216	0.0490196078431	0.0490196078431	0.0147058823529	0.00980392156863	0	0.774509803922	
0.0294117647059	0.0147058823529	0.0392156862745	0.0196078431373	0.0294117647059	0.0392156862745	0.0490196078431	0.00980392156863	0.0147058823529	0.00490196078431	0.75	
0.0245098039216	0.0294117647059	0.0392156862745	0.0196078431373	0.0441176470588	0.0245098039216	0.0245098039216	0.0147058823529	0.00490196078431	0.00490196078431	0.769607843137	
0.00980392156863	0.0196078431373	0.0245098039216	0.0147058823529	0.0539215686275	0.0392156862745	0.0392156862745	0.00980392156863	0.00980392156863	0	0.779411764706	
0.0441176470588	0.0441176470588	0.0196078431373	0.0196078431373	0.0147058823529	0.0735294117647	0.0490196078431	0.00980392156863	0	0.00490196078431	0.720588235294	
0.00980392156863	0.0196078431373	0.0196078431373	0.0343137254902	0.0294117647059	0.0588235294118	0.0441176470588	0.0245098039216	0.0196078431373	0.00980392156863	0.730392156863	
0.0392156862745	0.0147058823529	0.0343137254902	0.00980392156863	0.0245098039216	0.0441176470588	0.0343137254902	0.0196078431373	0.0147058823529	0	0.764705882353	
0.0343137254902	0.0294117647059	0.0196078431373	0.0490196078431	0.0343137254902	0.0539215686275	0.0147058823529	0.00980392156863	0.00980392156863	0.00490196078431	0.740196078431	
0.0343137254902	0.0196078431373	0.0343137254902	0.0392156862745	0.0441176470588	0.0539215686275	0.0294117647059	0.0294117647059	0.0245098039216	0.00490196078431	0.686274509804	
0.0294117647059	0.0343137254902	0.0245098039216	0.0147058823529	0.0343137254902	0.0343137254902	0.0196078431373	0	0	0	0.808823529412	
0.0490196078431	0.0343137254902	0.0294117647059	0.0196078431373	0.0147058823529	0.0392156862745	0.0343137254902	0.00490196078431	0.0147058823529	0	0.759803921569	
0.0245098039216	0.0343137254902	0.0539215686275	0.0441176470588	0.0196078431373	0.0392156862745	0.0294117647059	0	0.00980392156863	0.0147058823529	0.730392156863	
0.0392156862745	0.00490196078431	0.0539215686275	0.0245098039216	0.0392156862745	0.0686274509804	0.0441176470588	0.0196078431373	0.0147058823529	0	0.691176470588	
0.0245098039216	0.0245098039216	0.0196078431373	0.00490196078431	0.0245098039216	0.0490196078431	0.0441176470588	0.00980392156863	0.00980392156863	0	0.789215686275	
0.0441176470588	0.0245098039216	0.0294117647059	0.0147058823529	0.0245098039216	0.0392156862745	0.0637254901961	0.0147058823529	0.0147058823529	0.00980392156863	0.720588235294	
0.0343137254902	0.0147058823529	0.0196078431373	0.0196078431373	0.0294117647059	0.0441176470588	0.0441176470588	0.00980392156863	0.0245098039216	0	0.759803921569	
0.0441176470588	0.0147058823529	0.0392156862745	0.00980392156863	0.0343137254902	0.0637254901961	0.0637254901961	0	0.00980392156863	0	0.720588235294	
0.0490196078431	0.0245098039216	0.0441176470588	0.0147058823529	0.0196078431373	0.0588235294118	0.0343137254902	0.00980392156863	0.0245098039216	0	0.720588235294	
0.0392156862745	0.00980392156863	0.0490196078431	0.0392156862745	0.0441176470588	0.0490196078431	0.0392156862745	0.00490196078431	0.0147058823529	0	0.710784313725	
0.0196078431373	0.0441176470588	0.0343137254902	0.0343137254902	0.0343137254902	0.0490196078431	0.0637254901961	0.0196078431373	0.0196078431373	0.00490196078431	0.676470588235	
0.0441176470588	0.0147058823529	0.0392156862745	0.0147058823529	0.0196078431373	0.0343137254902	0.0245098039216	0.0245098039216	0.0343137254902	0.00490196078431	0.745098039216	
0.0294117647059	0.00980392156863	0.0490196078431	0.0245098039216	0.0392156862745	0.0588235294118	0.0343137254902	0.00490196078431	0.0147058823529	0	0.735294117647	
0.0245098039216	0.0245098039216	0.0294117647059	0.0147058823529	0.0343137254902	0.0490196078431	0.0392156862745	0.0147058823529	0.00980392156863	0.00980392156863	0.75	
0.0392156862745	0.0245098039216	0.0392156862745	0.0196078431373	0.0294117647059	0.0392156862745	0.0196078431373	0.0147058823529	0.0294117647059	0	0.745098039216	
0.0147058823529	0.00980392156863	0.0245098039216	0.0196078431373	0.0392156862745	0.0637254901961	0.0686274509804	0	0.00490196078431	0.00490196078431	0.75	
0.0392156862745	0.0294117647059	0.0343137254902	0.0245098039216	0.0245098039216	0.0539215686275	0.0539215686275	0.00980392156863	0.0147058823529	0.00490196078431	0.710784313725	
0.0294117647059	0	0.0441176470588	0.0196078431373	0.0196078431373	0.0539215686275	0.0539215686275	0.00490196078431	0.0245098039216	0.00490196078431	0.745098039216	
0.0392156862745	0.0490196078431	0.00980392156863	0.0441176470588	0.0441176470588	0.0441176470588	0.0441176470588	0.0147058823529	0.00980392156863	0	0.700980392157	
0.0196078431373	0.0245098039216	0.0343137254902	0.0343137254902	0.0637254901961	0.0539215686275	0.0245098039216	0.00490196078431	0.0147058823529	0	0.725490196078	
0.0196078431373	0.0245098039216	0.0196078431373	0.00490196078431	0.0196078431373	0.078431372549	0.0441176470588	0.00980392156863	0.0294117647059	0.00490196078431	0.745098039216	
0.0245098039216	0.0147058823529	0.0490196078431	0.0343137254902	0.0441176470588	0.0637254901961	0.0441176470588	0.0147058823529	0.0147058823529	0.00490196078431	0.691176470588	
0.0343137254902	0.0294117647059	0.0245098039216	0.00980392156863	0.0441176470588	0.0539215686275	0.0441176470588	0.00490196078431	0.00980392156863	0	0.745098039216	
0.0196078431373	0.0196078431373	0.0245098039216	0.0245098039216	0.0147058823529	0.0441176470588	0.0735294117647	0.00980392156863	0.0147058823529	0.00490196078431	0.75	
0.0294117647059	0	0.0147058823529	0.0294117647059	0.0392156862745	0.0588235294118	0.0343137254902	0.0245098039216	0	0.00980392156863	0.759803921569	
0.0343137254902	0.0147058823529	0.0539215686275	0.0392156862745	0.0147058823529	0.0441176470588	0.0490196078431	0.0196078431373	0.0196078431373	0.00490196078431	0.705882352941	
0.0245098039216	0.0343137254902	0.0196078431373	0.0490196078431	0.0245098039216	0.0539215686275	0.0392156862745	0.0147058823529	0.0245098039216	0	0.71568627451	
0.0392156862745	0.0294117647059	0.0588235294118	0.0490196078431	0.0294117647059	0.0392156862745	0.0343137254902	0.00980392156863	0.00980392156863	0	0.700980392157	
0.0441176470588	0.0343137254902	0.0490196078431	0.0294117647059	0.0588235294118	0.0637254901961	0.0245098039216	0.0343137254902	0.0294117647059	0.00490196078431	0.627450980392	
0.0245098039216	0.0196078431373	0.0392156862745	0.0588235294118	0.0245098039216	0.0392156862745	0.0441176470588	0.00980392156863	0.00980392156863	0.00490196078431	0.725490196078	
0.0196078431373	0.0196078431373	0.0147058823529	0.00980392156863	0.0441176470588	0.0392156862745	0.0343137254902	0.00980392156863	0.0196078431373	0.00490196078431	0.78431372549	
0.0343137254902	0.0147058823529	0.0392156862745	0.00980392156863	0.0588235294118	0.0441176470588	0.0294117647059	0.00490196078431	0.00490196078431	0.00490196078431	0.754901960784	
0.0343137254902	0.0245098039216	0.00980392156863	0.0245098039216	0.0637254901961	0.0294117647059	0.0294117647059	0.00980392156863	0.0147058823529	0	0.759803921569	
0.0392156862745	0.0294117647059	0.0392156862745	0.0245098039216	0.0294117647059	0.0490196078431	0.0441176470588	0.0245098039216	0.0196078431373	0.00490196078431	0.696078431373	
0.0392156862745	0.0245098039216	0.0196078431373	0.00980392156863	0.0441176470588	0.0392156862745	0.0343137254902	0.0196078431373	0.0196078431373	0.00980392156863	0.740196078431	
0.0539215686275	0.0490196078431	0.0196078431373	0.0196078431373	0.00490196078431	0.0294117647059	0.0196078431373	0.00490196078431	0.00490196078431	0.00490196078431	0.789215686275	
0.0539215686275	0.0343137254902	0.0294117647059	0.0392156862745	0.0441176470588	0.0441176470588	0.0392156862745	0.00980392156863	0.00980392156863	0.00490196078431	0.691176470588	
0.0245098039216	0.0245098039216	0.0147058823529	0.0196078431373	0.0245098039216	0.078431372549	0.0490196078431	0.00490196078431	0.0147058823529	0	0.745098039216	
0.0245098039216	0.00490196078431	0.0196078431373	0.0196078431373	0.00490196078431	0.0294117647059	0.0343137254902	0.0147058823529	0.0196078431373	0	0.828431372549	
0.0588235294118	0.0196078431373	0.0147058823529	0.0147058823529	0.0245098039216	0.0490196078431	0.0392156862745	0.0196078431373	0.00980392156863	0	0.75	
0.0392156862745	0.0245098039216	0.0343137254902	0.0245098039216	0.0245098039216	0.078431372549	0.0343137254902	0.00980392156863	0.00490196078431	0	0.725490196078	
0.0441176470588	0.00980392156863	0.0343137254902	0.0343137254902	0.0343137254902	0.0343137254902	0.0392156862745	0.0196078431373	0	0	0.75	
0.0294117647059	0.0294117647059	0.0294117647059	0.0147058823529	0.0147058823529	0.0539215686275	0.0294117647059	0.0245098039216	0.0343137254902	0.00490196078431	0.735294117647	
0.0245098039216	0.0294117647059	0.0245098039216	0.0294117647059	0.0441176470588	0.00980392156863	0.0294117647059	0.0147058823529	0.0147058823529	0	0.779411764706	
0.0539215686275	0.0147058823529	0.0147058823529	0.0245098039216	0.0392156862745	0.0343137254902	0.0294117647059	0.00490196078431	0.0147058823529	0	0.769607843137	
0.0245098039216	0.0196078431373	0.0196078431373	0.00980392156863	0.0441176470588	0.0392156862745	0.0539215686275	0.00980392156863	0.00980392156863	0.0196078431373	0.75	
0.0294117647059	0.0441176470588	0.0245098039216	0.0392156862745	0.00980392156863	0.0686274509804	0.0294117647059	0.0196078431373	0.0245098039216	0.00490196078431	0.705882352941	
0.0294117647059	0.00980392156863	0.0294117647059	0.00490196078431	0.0343137254902	0.0392156862745	0.0294117647059	0.00980392156863	0.0245098039216	0	0.789215686275	
0.00980392156863	0.0392156862745	0.0245098039216	0.0245098039216	0.0196078431373	0.0392156862745	0.0147058823529	0.00490196078431	0.00490196078431	0.00490196078431	0.813725490196	
0.0294117647059	0.00980392156863	0.0147058823529	0.0392156862745	0.0147058823529	0.0294117647059	0.0441176470588	0.0196078431373	0.0147058823529	0	0.78431372549	
0.0147058823529	0.0245098039216	0.0294117647059	0.0147058823529	0.0441176470588	0.0686274509804	0.0392156862745	0.0196078431373	0.00980392156863	0.00980392156863	0.725490196078	
0.0294117647059	0.00490196078431	0.0196078431373	0.0196078431373	0.0539215686275	0.0441176470588	0.0392156862745	0.0196078431373	0.0147058823529	0	0.754901960784	
0.0343137254902	0.0245098039216	0.0196078431373	0.0245098039216	0.0294117647059	0.0343137254902	0.0294117647059	0.0147058823529	0.0147058823529	0.00980392156863	0.764705882353	
0.0294117647059	0.0294117647059	0.0294117647059	0.0196078431373	0.0392156862745	0.0490196078431	0.0294117647059	0.0245098039216	0.0147058823529	0	0.735294117647	
0.0196078431373	0.0147058823529	0.0294117647059	0.0294117647059	0.0441176470588	0.0637254901961	0.0441176470588	0.0196078431373	0.00980392156863	0.00490196078431	0.720588235294	
0.0245098039216	0.0196078431373	0.0539215686275	0.00980392156863	0.0588235294118	0.0392156862745	0.0294117647059	0.0147058823529	0.00980392156863	0.00490196078431	0.735294117647	
0.0392156862745	0.0147058823529	0.0294117647059	0.0539215686275	0.0294117647059	0.00980392156863	0.0686274509804	0.00980392156863	0.00490196078431	0	0.740196078431	
0.0147058823529	0.0245098039216	0.0539215686275	0.0343137254902	0.0490196078431	0	0	0.00980392156863	0.0343137254902	0	0.779411764706	
0	0.0245098039216	0	0.0196078431373	0	0	0	0.00980392156863	0.0147058823529	0	0.93137254902	
0	0	0	0	0	0	0	0	0.0147058823529	0.00490196078431	0.980392156863	
0	0	0	0	0	0	0	0.0147058823529	0.0147058823529	0.00490196078431	0.96568627451	
0	0	0	0	0	0.00490196078431	0	0.0196078431373	0.0147058823529	0	0.960784313725	
0.0392156862745	0.0392156862745	0.00980392156863	0.0245098039216	0.0147058823529	0.0686274509804	0.078431372549	0.0196078431373	0.0196078431373	0	0.686274509804	
0.0539215686275	0.0147058823529	0.0392156862745	0.0245098039216	0.0245098039216	0.0441176470588	0.0539215686275	0.00490196078431	0.0147058823529	0	0.725490196078	
0.0392156862745	0.0245098039216	0.0245098039216	0.0196078431373	0.0147058823529	0.00980392156863	0.0343137254902	0.0196078431373	0.0147058823529	0.00490196078431	0.794117647059	
0.0441176470588	0.0294117647059	0.0392156862745	0.0245098039216	0.0343137254902	0.0588235294118	0.0441176470588	0	0.0147058823529	0.00980392156863	0.700980392157	
0.00980392156863	0.0245098039216	0.0343137254902	0.0343137254902	0.0294117647059	0.0686274509804	0.0245098039216	0.0196078431373	0.0196078431373	0	0.735294117647	
0.0245098039216	0.0294117647059	0.0294117647059	0.0392156862745	0.00490196078431	0.0392156862745	0.0196078431373	0.00980392156863	0.0196078431373	0	0.78431372549	
0.0294117647059	0.0245098039216	0.0392156862745	0.0147058823529	0.0147058823529	0.0539215686275	0.0294117647059	0.0147058823529	0.00980392156863	0.0196078431373	0.75	
0.0196078431373	0.0147058823529	0.0490196078431	0.0147058823529	0.0343137254902	0.0637254901961	0.0882352941176	0.00980392156863	0.0196078431373	0	0.686274509804	
0.0343137254902	0.00980392156863	0.0441176470588	0.0441176470588	0.0294117647059	0.0245098039216	0.0392156862745	0.00980392156863	0.00980392156863	0.00980392156863	0.745098039216	
0.0392156862745	0.0147058823529	0.0147058823529	0.0147058823529	0.0392156862745	0.0588235294118	0.0637254901961	0	0.0245098039216	0.00490196078431	0.725490196078	
0.0490196078431	0.0294117647059	0.0392156862745	0.0147058823529	0.0245098039216	0.0441176470588	0.0392156862745	0	0.0245098039216	0.00490196078431	0.730392156863	
0.0392156862745	0.0245098039216	0.0343137254902	0.0294117647059	0.0343137254902	0.0490196078431	0.0147058823529	0	0.0245098039216	0	0.75	
0.0294117647059	0.0343137254902	0.0588235294118	0.0196078431373	0.0343137254902	0.0539215686275	0.0686274509804	0.00490196078431	0.0245098039216	0	0.671568627451	
0.0245098039216	0.0147058823529	0.00980392156863	0.0343137254902	0.0294117647059	0.0441176470588	0.0441176470588	0.00980392156863	0.00980392156863	0.00980392156863	0.769607843137	
0.0588235294118	0.0245098039216	0.0294117647059	0.0147058823529	0.0735294117647	0.0539215686275	0.0343137254902	0	0.0196078431373	0.00490196078431	0.686274509804	
0.0539215686275	0.0196078431373	0.0245098039216	0.0196078431373	0.0490196078431	0.0343137254902	0.00980392156863	0.0147058823529	0.00980392156863	0	0.764705882353	
0.0196078431373	0.0294117647059	0.0441176470588	0.00980392156863	0.0588235294118	0.0539215686275	0.0392156862745	0.0147058823529	0.00490196078431	0.00980392156863	0.71568627451	
0.0539215686275	0.0147058823529	0.0294117647059	0.0343137254902	0.0441176470588	0.0392156862745	0.0343137254902	0.0147058823529	0.0343137254902	0	0.700980392157	
0.0392156862745	0.00980392156863	0.0294117647059	0.0147058823529	0.0343137254902	0.0833333333333	0.0686274509804	0	0.00980392156863	0	0.710784313725	
0.0245098039216	0.0147058823529	0.0343137254902	0.0196078431373	0.0294117647059	0.0539215686275	0.0392156862745	0.0196078431373	0.0147058823529	0.00490196078431	0.745098039216	
0.0343137254902	0.0147058823529	0.0588235294118	0.0294117647059	0.0343137254902	0.0686274509804	0.0588235294118	0.0147058823529	0.0147058823529	0.00490196078431	0.666666666667	
0.0245098039216	0.0343137254902	0.0147058823529	0.0392156862745	0.0196078431373	0.0735294117647	0.0294117647059	0.0294117647059	0	0	0.735294117647	
0.0392156862745	0.0392156862745	0.0343137254902	0.0147058823529	0.0392156862745	0.0392156862745	0.0441176470588	0.0147058823529	0.0196078431373	0.00490196078431	0.710784313725	
0.0196078431373	0.0245098039216	0.00980392156863	0.0343137254902	0.0539215686275	0.0539215686275	0.0343137254902	0.00980392156863	0.0294117647059	0.00980392156863	0.720588235294	
0.0441176470588	0.0147058823529	0.0343137254902	0.0539215686275	0.0441176470588	0.0588235294118	0.0490196078431	0.00490196078431	0.0196078431373	0.00490196078431	0.671568627451	
0.0196078431373	0.0147058823529	0.0294117647059	0.0343137254902	0.0441176470588	0.0245098039216	0.0343137254902	0.0147058823529	0.0245098039216	0	0.759803921569	
0.0392156862745	0.0392156862745	0.0343137254902	0.0196078431373	0.0245098039216	0.0735294117647	0.0539215686275	0.00490196078431	0.0245098039216	0.00490196078431	0.68137254902	
0.0245098039216	0.0147058823529	0.0441176470588	0.00980392156863	0.0343137254902	0.0441176470588	0.0490196078431	0.00490196078431	0.00490196078431	0	0.769607843137	
0.0343137254902	0.0245098039216	0.0147058823529	0.0490196078431	0.0147058823529	0.0588235294118	0.078431372549	0.00490196078431	0	0.00490196078431	0.71568627451	
0.00980392156863	0.0294117647059	0.0294117647059	0.00980392156863	0.0294117647059	0.0588235294118	0.0392156862745	0.00980392156863	0.0147058823529	0	0.769607843137	
0.0392156862745	0.0245098039216	0.0343137254902	0.0343137254902	0.0441176470588	0.0245098039216	0.0196078431373	0.00980392156863	0.0147058823529	0	0.754901960784	
0.0490196078431	0.00980392156863	0.0294117647059	0.0343137254902	0.0392156862745	0.0245098039216	0.0539215686275	0.00490196078431	0.0245098039216	0.0147058823529	0.71568627451	
0.0245098039216	0.0196078431373	0.0294117647059	0.0392156862745	0.0343137254902	0.0392156862745	0.0441176470588	0.0147058823529	0.00490196078431	0.0147058823529	0.735294117647	
0.0490196078431	0.0245098039216	0.0196078431373	0.00980392156863	0.0490196078431	0.0686274509804	0.0245098039216	0.00980392156863	0.00490196078431	0	0.740196078431	
0.0294117647059	0.0196078431373	0.0196078431373	0.0343137254902	0.0196078431373	0.0539215686275	0.0294117647059	0.00980392156863	0.0147058823529	0.00490196078431	0.764705882353	
0.0196078431373	0.0147058823529	0.0196078431373	0.0392156862745	0.0490196078431	0.0637254901961	0.00490196078431	0	0.00980392156863	0.00980392156863	0.769607843137	
0.0245098039216	0.0294117647059	0.0294117647059	0.0294117647059	0.0441176470588	0.0490196078431	0.0539215686275	0.0147058823529	0.0147058823529	0.00490196078431	0.705882352941	
0.0245098039216	0.0245098039216	0.0147058823529	0.0245098039216	0.0245098039216	0.0588235294118	0.0294117647059	0.0147058823529	0.0196078431373	0.00980392156863	0.754901960784	
0.0294117647059	0.0147058823529	0.0245098039216	0.0245098039216	0.0294117647059	0.0637254901961	0.0490196078431	0.00980392156863	0.0294117647059	0.00490196078431	0.720588235294	
0.0245098039216	0.00490196078431	0.0245098039216	0.0147058823529	0.0343137254902	0.0539215686275	0.0392156862745	0.0245098039216	0.00980392156863	0.00490196078431	0.764705882353	
0.0392156862745	0.0196078431373	0.0441176470588	0.0196078431373	0.0294117647059	0.0392156862745	0.0245098039216	0.00980392156863	0	0.00980392156863	0.764705882353	
0.0245098039216	0.0245098039216	0.0490196078431	0.00980392156863	0.0343137254902	0.0539215686275	0.0539215686275	0.0245098039216	0.0196078431373	0	0.705882352941	
0.0343137254902	0.0245098039216	0.0392156862745	0.0147058823529	0.0196078431373	0.0588235294118	0.0539215686275	0.0147058823529	0.0147058823529	0.00980392156863	0.71568627451	
0.0392156862745	0.0196078431373	0.0245098039216	0.0245098039216	0.0196078431373	0.0637254901961	0.0392156862745	0.00490196078431	0.0196078431373	0	0.745098039216	
0.0392156862745	0.0245098039216	0.0539215686275	0.0245098039216	0.00980392156863	0.0539215686275	0.0441176470588	0.00980392156863	0.00490196078431	0	0.735294117647	
0.0245098039216	0.0147058823529	0.0294117647059	0.0147058823529	0.0294117647059	0.0294117647059	0.0490196078431	0.0147058823529	0.0196078431373	0	0.774509803922	
0.0392156862745	0.0441176470588	0.0294117647059	0.0196078431373	0.0196078431373	0.0343137254902	0.0392156862745	0.00980392156863	0.0147058823529	0	0.75	
0.0343137254902	0.0245098039216	0.0294117647059	0.0392156862745	0.0343137254902	0.0441176470588	0.0539215686275	0.0147058823529	0.0147058823529	0	0.710784313725	
0.0441176470588	0.0147058823529	0.0245098039216	0.0294117647059	0.0392156862745	0.0686274509804	0.0637254901961	0.0196078431373	0.0245098039216	0.00490196078431	0.666666666667	
0.0392156862745	0.0196078431373	0.0441176470588	0.0441176470588	0.0294117647059	0.0392156862745	0.0392156862745	0.00980392156863	0.00980392156863	0	0.725490196078	
0.0441176470588	0.0294117647059	0.0147058823529	0.0245098039216	0.0392156862745	0.0441176470588	0.0882352941176	0.0196078431373	0.0147058823529	0	0.68137254902	
0.0196078431373	0.0294117647059	0.0294117647059	0.0441176470588	0.0343137254902	0.0294117647059	0.0588235294118	0.00980392156863	0.00980392156863	0	0.735294117647	
0.0343137254902	0.0196078431373	0.00490196078431	0.0441176470588	0.0294117647059	0.0392156862745	0.0490196078431	0.00490196078431	0.0196078431373	0	0.754901960784	
0.0245098039216	0.0441176470588	0.00490196078431	0.0245098039216	0.0441176470588	0.0392156862745	0.0392156862745	0.0147058823529	0.0294117647059	0.00490196078431	0.730392156863	
0.0441176470588	0.0245098039216	0.0147058823529	0.0294117647059	0.0147058823529	0.0343137254902	0.0392156862745	0.0294117647059	0.00980392156863	0.0147058823529	0.745098039216	
0.0392156862745	0.0245098039216	0.0147058823529	0.0196078431373	0.0539215686275	0.0588235294118	0.0588235294118	0.0147058823529	0.0294117647059	0.00490196078431	0.68137254902	
0.0294117647059	0.0343137254902	0.00490196078431	0.0343137254902	0.0245098039216	0.0343137254902	0.0441176470588	0.0196078431373	0.0343137254902	0	0.740196078431	
0.0294117647059	0.0147058823529	0.0441176470588	0.0147058823529	0.0245098039216	0.0294117647059	0.0294117647059	0.0245098039216	0.00980392156863	0.00490196078431	0.774509803922	
0.0294117647059	0.0147058823529	0.0441176470588	0.0147058823529	0.0343137254902	0.0392156862745	0.0441176470588	0.0147058823529	0.00490196078431	0	0.759803921569	
0.0245098039216	0.0196078431373	0.0441176470588	0.0343137254902	0.0245098039216	0.0588235294118	0.0392156862745	0	0.0196078431373	0.00490196078431	0.730392156863	
0.0441176470588	0.00980392156863	0.0196078431373	0.0392156862745	0.0490196078431	0.0490196078431	0.0490196078431	0.0196078431373	0.0196078431373	0.00490196078431	0.696078431373	
0.0245098039216	0.0196078431373	0.0392156862745	0.0294117647059	0.0441176470588	0.0441176470588	0.0294117647059	0.00980392156863	0.0147058823529	0	0.745098039216	
0.0392156862745	0.0196078431373	0.0294117647059	0.0196078431373	0.0245098039216	0.0392156862745	0.0539215686275	0.00490196078431	0.0147058823529	0	0.754901960784	
0.0294117647059	0.0343137254902	0.0245098039216	0.0196078431373	0.0245098039216	0.0245098039216	0.0196078431373	0.00490196078431	0.0196078431373	0	0.799019607843	
0.0294117647059	0.0196078431373	0.0686274509804	0.0392156862745	0.0343137254902	0.0980392156863	0.0343137254902	0.0147058823529	0.00490196078431	0	0.656862745098	
0.0392156862745	0.0196078431373	0.00980392156863	0.0147058823529	0.0637254901961	0.0196078431373	0.0392156862745	0.0196078431373	0.0147058823529	0	0.759803921569	
0.0392156862745	0.0245098039216	0.0245098039216	0.0392156862745	0.0343137254902	0.0294117647059	0.078431372549	0.0196078431373	0.0147058823529	0.00490196078431	0.691176470588	
0.0245098039216	0.0343137254902	0.0294117647059	0.0196078431373	0.0245098039216	0.0637254901961	0.0196078431373	0.0147058823529	0.0441176470588	0.00980392156863	0.71568627451	
0.0343137254902	0.0147058823529	0.0147058823529	0.0196078431373	0.0343137254902	0.0490196078431	0.0343137254902	0.0147058823529	0.00980392156863	0.00490196078431	0.769607843137	
0.00980392156863	0.0294117647059	0.0245098039216	0.0196078431373	0.0196078431373	0.0294117647059	0.0490196078431	0.0196078431373	0.00980392156863	0.00490196078431	0.78431372549	
0.0392156862745	0.0343137254902	0.0441176470588	0.0245098039216	0.0343137254902	0.0882352941176	0.00980392156863	0.00490196078431	0.0196078431373	0	0.700980392157	
0.0392156862745	0.0588235294118	0.0196078431373	0.0147058823529	0.0490196078431	0.0392156862745	0.0392156862745	0	0.0196078431373	0	0.720588235294	
0.0392156862745	0.0196078431373	0.0441176470588	0.0196078431373	0.0294117647059	0.0147058823529	0.0441176470588	0	0.0196078431373	0	0.769607843137	
0.0196078431373	0.0343137254902	0.0245098039216	0.00980392156863	0.0147058823529	0.0294117647059	0.0245098039216	0.0196078431373	0.0147058823529	0.00490196078431	0.803921568627	
0.0343137254902	0.0245098039216	0.0392156862745	0.0245098039216	0.0196078431373	0.0539215686275	0.0637254901961	0.00490196078431	0.0196078431373	0	0.71568627451	
0.0343137254902	0.0294117647059	0.0294117647059	0.0392156862745	0.0490196078431	0.0294117647059	0.0245098039216	0	0.0147058823529	0.00490196078431	0.745098039216	
0.0294117647059	0.0294117647059	0.0294117647059	0.0196078431373	0.0196078431373	0.0539215686275	0.0490196078431	0.0147058823529	0	0.00490196078431	0.75	
0.0392156862745	0.0294117647059	0.0441176470588	0.0196078431373	0.0392156862745	0.0490196078431	0.0490196078431	0.00490196078431	0.0147058823529	0	0.710784313725	
0.0294117647059	0.00980392156863	0.0539215686275	0.0343137254902	0.0441176470588	0.0392156862745	0.0196078431373	0.00980392156863	0.00980392156863	0	0.75	
0.0196078431373	0.0196078431373	0.0147058823529	0.0294117647059	0.0294117647059	0.0539215686275	0.0343137254902	0.00490196078431	0.0196078431373	0.00490196078431	0.769607843137	
0.0245098039216	0.00980392156863	0.0490196078431	0.0147058823529	0.0294117647059	0.0343137254902	0.0588235294118	0.0196078431373	0.0147058823529	0	0.745098039216	
0.0343137254902	0.0147058823529	0.0392156862745	0.0294117647059	0.0294117647059	0.00980392156863	0.0294117647059	0.00490196078431	0.00490196078431	0.00490196078431	0.799019607843	
0.0392156862745	0.0245098039216	0.0343137254902	0.0196078431373	0.0441176470588	0.0637254901961	0.0245098039216	0.0147058823529	0.0245098039216	0	0.710784313725	
0.0343137254902	0.00980392156863	0.0343137254902	0.0392156862745	0.0392156862745	0.0392156862745	0.0392156862745	0.0196078431373	0.00980392156863	0	0.735294117647	
0.0245098039216	0.0294117647059	0.0392156862745	0.0147058823529	0.0490196078431	0.0539215686275	0.0343137254902	0.0147058823529	0.00980392156863	0	0.730392156863	
0.0245098039216	0.0147058823529	0.0637254901961	0.00490196078431	0.0147058823529	0.0343137254902	0.0343137254902	0	0.00980392156863	0.00980392156863	0.789215686275	
0.0490196078431	0.00980392156863	0.0196078431373	0.00980392156863	0.0392156862745	0.0735294117647	0.0245098039216	0.00490196078431	0.0147058823529	0.00980392156863	0.745098039216	
0.0441176470588	0.0147058823529	0.0245098039216	0.0196078431373	0.0441176470588	0.0637254901961	0.0196078431373	0.0196078431373	0.00490196078431	0.00490196078431	0.740196078431	
0.0441176470588	0.0294117647059	0.0392156862745	0.00980392156863	0.0245098039216	0.0588235294118	0.0294117647059	0.0147058823529	0.00980392156863	0.00490196078431	0.735294117647	
0.0196078431373	0.0147058823529	0.0490196078431	0.0196078431373	0.0294117647059	0.0490196078431	0.0441176470588	0	0.0343137254902	0.00490196078431	0.735294117647	
0.0245098039216	0.0441176470588	0.0294117647059	0.0147058823529	0.0343137254902	0.0245098039216	0.0343137254902	0.00980392156863	0.00980392156863	0	0.774509803922	
0.0392156862745	0.0245098039216	0.0245098039216	0.0196078431373	0.0392156862745	0.0343137254902	0.0343137254902	0.00490196078431	0.00490196078431	0	0.774509803922	
0.0196078431373	0.0441176470588	0.0441176470588	0.0147058823529	0.0343137254902	0.0392156862745	0.0441176470588	0.00490196078431	0.0245098039216	0	0.730392156863	
0.0343137254902	0.0245098039216	0.0196078431373	0.0196078431373	0.0196078431373	0.0735294117647	0.0343137254902	0	0.0196078431373	0.00490196078431	0.75	
0.0392156862745	0.0147058823529	0.00980392156863	0.00980392156863	0.0147058823529	0.0490196078431	0.0245098039216	0.00980392156863	0.0147058823529	0.00490196078431	0.808823529412	
0.0147058823529	0.0392156862745	0.0588235294118	0.0294117647059	0.0196078431373	0.0588235294118	0.0539215686275	0	0.00490196078431	0	0.720588235294	
0.0294117647059	0.0196078431373	0.0539215686275	0.00980392156863	0.0294117647059	0.0392156862745	0.0441176470588	0.0147058823529	0.00490196078431	0	0.754901960784	
0.0147058823529	0.0245098039216	0.0588235294118	0.0147058823529	0.0245098039216	0.0490196078431	0.0392156862745	0.0147058823529	0.0147058823529	0	0.745098039216	
0.0294117647059	0.0294117647059	0.0588235294118	0.0343137254902	0.0294117647059	0.0588235294118	0.0441176470588	0.00980392156863	0.00490196078431	0.00490196078431	0.696078431373	
0.0147058823529	0.00490196078431	0.0196078431373	0.0294117647059	0.0490196078431	0.0833333333333	0.0343137254902	0	0.0147058823529	0	0.75	
0.0490196078431	0.0343137254902	0.0392156862745	0.0245098039216	0.0196078431373	0.0588235294118	0.0637254901961	0.00490196078431	0.00490196078431	0.00490196078431	0.696078431373	
0.0294117647059	0.0245098039216	0.0392156862745	0.0196078431373	0.0196078431373	0.0245098039216	0.0294117647059	0.00490196078431	0.0245098039216	0.00490196078431	0.779411764706	
0.0441176470588	0.0294117647059	0.0294117647059	0.0294117647059	0.0343137254902	0.0588235294118	0.0245098039216	0.0147058823529	0.0245098039216	0	0.710784313725	
0.0392156862745	0.0245098039216	0.0343137254902	0.0392156862745	0.0294117647059	0.0588235294118	0.0294117647059	0.00980392156863	0.0196078431373	0.00490196078431	0.710784313725	
0.0392156862745	0.00490196078431	0.0392156862745	0.0294117647059	0.0245098039216	0.0833333333333	0.0441176470588	0.00980392156863	0.0245098039216	0.00490196078431	0.696078431373	
0.0441176470588	0.0196078431373	0.0294117647059	0.00490196078431	0.0441176470588	0.0441176470588	0.0196078431373	0.00980392156863	0.0196078431373	0.0147058823529	0.75	
0.0196078431373	0.0343137254902	0.0539215686275	0.0245098039216	0.0343137254902	0.0490196078431	0.0343137254902	0.0147058823529	0.0147058823529	0	0.720588235294	
0.0441176470588	0.0490196078431	0.0343137254902	0.00980392156863	0.0343137254902	0.0637254901961	0.0441176470588	0	0.00490196078431	0	0.71568627451	
0.0245098039216	0.0196078431373	0.0294117647059	0.0343137254902	0.0392156862745	0.0637254901961	0.0245098039216	0.0147058823529	0.00490196078431	0	0.745098039216	
0.0245098039216	0.0343137254902	0.0392156862745	0	0.0245098039216	0.0490196078431	0.0294117647059	0.0245098039216	0.0196078431373	0	0.754901960784	
0.0490196078431	0.0490196078431	0.0490196078431	0.0343137254902	0.0343137254902	0.0686274509804	0.0441176470588	0.00490196078431	0.00980392156863	0	0.656862745098	
0.0245098039216	0.0294117647059	0.0147058823529	0.00980392156863	0.0294117647059	0.0539215686275	0.0294117647059	0.00980392156863	0.00490196078431	0	0.794117647059	
