0.259	0.3361	0.4049	
0.2547	0.3422	0.4031	
0.2708	0.3322	0.397	
0.2721	0.33	0.3979	
0.267	0.3244	0.4086	
0.2611	0.3351	0.4038	
0.2738	0.3507	0.3755	
0.2934	0.3205	0.3861	
0.2532	0.3747	0.3721	
0.246	0.3765	0.3775	
0.1754	0.2939	0.5307	
0.1735	0.2837	0.5428	
