0.0459183673469	0.0408163265306	0.0459183673469	0.0408163265306	0.0357142857143	0.00510204081633	0.015306122449	0.0255102040816	0.00510204081633	0	0.739795918367	
0.030612244898	0.030612244898	0.0816326530612	0.0510204081633	0.0561224489796	0.030612244898	0.030612244898	0.015306122449	0.00510204081633	0	0.668367346939	
0.0561224489796	0.0459183673469	0.0255102040816	0.0561224489796	0.0357142857143	0.0255102040816	0.015306122449	0.015306122449	0	0	0.724489795918	
0.030612244898	0.0357142857143	0.015306122449	0.0867346938776	0.0612244897959	0.0255102040816	0.0102040816327	0.0102040816327	0.0102040816327	0.00510204081633	0.709183673469	
0.030612244898	0.0561224489796	0.0510204081633	0.0357142857143	0.0867346938776	0.0255102040816	0.0408163265306	0.015306122449	0.00510204081633	0	0.65306122449	
0.0357142857143	0.030612244898	0.0459183673469	0.0969387755102	0.0663265306122	0.0102040816327	0.015306122449	0.0204081632653	0	0.00510204081633	0.673469387755	
0.0357142857143	0.0255102040816	0.0357142857143	0.0867346938776	0.0408163265306	0.0204081632653	0.015306122449	0.015306122449	0.0102040816327	0.015306122449	0.698979591837	
0.030612244898	0.0204081632653	0.0867346938776	0.0867346938776	0.0408163265306	0.0102040816327	0.0204081632653	0.0102040816327	0.0102040816327	0	0.683673469388	
0.0408163265306	0.0459183673469	0.0867346938776	0.0561224489796	0.0408163265306	0.00510204081633	0.0102040816327	0.015306122449	0	0.0102040816327	0.688775510204	
0.0510204081633	0.030612244898	0.0612244897959	0.0357142857143	0.0510204081633	0.015306122449	0.0357142857143	0.015306122449	0.00510204081633	0.00510204081633	0.69387755102	
0.0561224489796	0.0408163265306	0.0663265306122	0.0357142857143	0.0612244897959	0.0255102040816	0.0255102040816	0.0255102040816	0.0204081632653	0	0.642857142857	
0.030612244898	0.0102040816327	0.0357142857143	0.0816326530612	0.0561224489796	0.0204081632653	0	0.00510204081633	0	0.00510204081633	0.755102040816	
0.0204081632653	0.0102040816327	0.0510204081633	0.0765306122449	0.0663265306122	0.0102040816327	0.0204081632653	0.00510204081633	0	0.015306122449	0.724489795918	
0.0408163265306	0.0204081632653	0.0612244897959	0.0765306122449	0.0612244897959	0.0204081632653	0.015306122449	0.0102040816327	0.0102040816327	0.0102040816327	0.673469387755	
0.0204081632653	0.0612244897959	0.0357142857143	0.0663265306122	0.0765306122449	0.0102040816327	0.0255102040816	0.030612244898	0.0102040816327	0.015306122449	0.647959183673	
0.0408163265306	0.0255102040816	0.0561224489796	0.0714285714286	0.102040816327	0.030612244898	0.0204081632653	0.00510204081633	0.00510204081633	0	0.642857142857	
0.0204081632653	0.030612244898	0.0612244897959	0.0714285714286	0.0765306122449	0.0204081632653	0.0102040816327	0.015306122449	0.0102040816327	0.0204081632653	0.663265306122	
0.00510204081633	0.030612244898	0.0204081632653	0.0663265306122	0.0510204081633	0.0255102040816	0.0102040816327	0.030612244898	0.0204081632653	0.0102040816327	0.729591836735	
0.0612244897959	0.0255102040816	0.0765306122449	0.122448979592	0.0663265306122	0.0102040816327	0.0255102040816	0.00510204081633	0.00510204081633	0	0.602040816327	
0.015306122449	0.0510204081633	0.0561224489796	0.0765306122449	0.0765306122449	0.015306122449	0.0102040816327	0.015306122449	0.00510204081633	0.00510204081633	0.673469387755	
0.0255102040816	0.0102040816327	0.015306122449	0.0816326530612	0.0357142857143	0.015306122449	0.0408163265306	0.0255102040816	0.0102040816327	0.00510204081633	0.734693877551	
0.0663265306122	0.030612244898	0.0408163265306	0.0714285714286	0.0357142857143	0.015306122449	0.015306122449	0	0.0102040816327	0.00510204081633	0.709183673469	
0.0357142857143	0.030612244898	0.0561224489796	0.0714285714286	0.030612244898	0.0204081632653	0.015306122449	0.0204081632653	0.00510204081633	0	0.714285714286	
0.0255102040816	0.0408163265306	0.0561224489796	0.0663265306122	0.0714285714286	0.0204081632653	0.0102040816327	0.00510204081633	0.0102040816327	0.00510204081633	0.688775510204	
0.0612244897959	0.0459183673469	0.0714285714286	0.0816326530612	0.0714285714286	0.015306122449	0.0102040816327	0.0204081632653	0	0	0.622448979592	
0.030612244898	0.030612244898	0.0459183673469	0.0459183673469	0.0561224489796	0.00510204081633	0.0204081632653	0.0204081632653	0.00510204081633	0	0.739795918367	
0.0408163265306	0.015306122449	0.0663265306122	0.030612244898	0.0510204081633	0.015306122449	0.0102040816327	0.0204081632653	0.00510204081633	0.00510204081633	0.739795918367	
0.0459183673469	0.0204081632653	0.0510204081633	0.0612244897959	0.0561224489796	0.015306122449	0.0102040816327	0.0255102040816	0	0	0.714285714286	
0.0459183673469	0.030612244898	0.0357142857143	0.0612244897959	0.0408163265306	0.0204081632653	0.015306122449	0.0102040816327	0.0102040816327	0	0.729591836735	
0.0102040816327	0.015306122449	0.030612244898	0.0714285714286	0.0408163265306	0.0204081632653	0.015306122449	0.00510204081633	0	0.00510204081633	0.785714285714	
0.0408163265306	0.0459183673469	0.0357142857143	0.0867346938776	0.0459183673469	0.015306122449	0.0102040816327	0.00510204081633	0.015306122449	0	0.698979591837	
0.0255102040816	0.0255102040816	0.0408163265306	0.0561224489796	0.0510204081633	0.0102040816327	0.0357142857143	0.0255102040816	0.015306122449	0	0.714285714286	
0.0255102040816	0.0408163265306	0.0408163265306	0.0561224489796	0.030612244898	0.00510204081633	0.015306122449	0.0255102040816	0	0	0.760204081633	
0.0408163265306	0.0255102040816	0.0612244897959	0.0714285714286	0.0765306122449	0.00510204081633	0.015306122449	0.0102040816327	0	0.0102040816327	0.683673469388	
0.0357142857143	0.0459183673469	0.030612244898	0.0714285714286	0.0510204081633	0.0102040816327	0.030612244898	0.015306122449	0.00510204081633	0	0.704081632653	
0.015306122449	0.0255102040816	0.0612244897959	0.0867346938776	0.0408163265306	0.0204081632653	0.0255102040816	0.0204081632653	0.0204081632653	0	0.683673469388	
0.030612244898	0.030612244898	0.030612244898	0.0561224489796	0.0459183673469	0.0102040816327	0.0357142857143	0.0102040816327	0.015306122449	0	0.734693877551	
0.0357142857143	0.030612244898	0.0510204081633	0.0663265306122	0.015306122449	0.0408163265306	0.0255102040816	0.0255102040816	0.0102040816327	0.0102040816327	0.688775510204	
0.0408163265306	0.030612244898	0.0459183673469	0.0714285714286	0.0357142857143	0.015306122449	0.0102040816327	0.030612244898	0.0204081632653	0.00510204081633	0.69387755102	
0.0255102040816	0.0357142857143	0.0459183673469	0.0459183673469	0.0357142857143	0.015306122449	0.0357142857143	0.00510204081633	0.00510204081633	0.00510204081633	0.744897959184	
0.0255102040816	0.0459183673469	0.0765306122449	0.0561224489796	0.0255102040816	0.0204081632653	0.015306122449	0.030612244898	0.0102040816327	0.00510204081633	0.688775510204	
0.0459183673469	0.0357142857143	0.0357142857143	0.0867346938776	0.0663265306122	0.015306122449	0.0408163265306	0.030612244898	0.0102040816327	0.0102040816327	0.622448979592	
0.0357142857143	0.0510204081633	0.0408163265306	0.0765306122449	0.0612244897959	0.0204081632653	0.015306122449	0.0204081632653	0.0102040816327	0	0.668367346939	
0.015306122449	0.015306122449	0.0612244897959	0.0612244897959	0.0459183673469	0.0357142857143	0.0204081632653	0.0255102040816	0.0102040816327	0.00510204081633	0.704081632653	
0.0255102040816	0.0204081632653	0.0357142857143	0.0408163265306	0.0561224489796	0.00510204081633	0.0204081632653	0.0204081632653	0.00510204081633	0	0.770408163265	
0.0408163265306	0.030612244898	0.030612244898	0.0765306122449	0.0663265306122	0	0.0255102040816	0.015306122449	0.00510204081633	0.0102040816327	0.698979591837	
0.0510204081633	0.0408163265306	0.0510204081633	0.0765306122449	0.0357142857143	0.00510204081633	0.030612244898	0.0102040816327	0.00510204081633	0	0.69387755102	
0.0204081632653	0.0255102040816	0.0663265306122	0.0510204081633	0.0408163265306	0.00510204081633	0.0204081632653	0.0102040816327	0.015306122449	0.00510204081633	0.739795918367	
0.030612244898	0.030612244898	0.0561224489796	0.0561224489796	0.0510204081633	0.0204081632653	0.0357142857143	0	0.0102040816327	0.00510204081633	0.704081632653	
0.015306122449	0.0510204081633	0.0714285714286	0.0561224489796	0.0765306122449	0.015306122449	0.0561224489796	0.0102040816327	0.00510204081633	0.0204081632653	0.622448979592	
0.0408163265306	0.0204081632653	0.0561224489796	0.102040816327	0.0357142857143	0.00510204081633	0.0102040816327	0	0.0102040816327	0.0102040816327	0.709183673469	
0.0255102040816	0.030612244898	0.0561224489796	0.102040816327	0.0357142857143	0.0459183673469	0.0204081632653	0.030612244898	0.00510204081633	0.00510204081633	0.642857142857	
0.0204081632653	0.0255102040816	0.0102040816327	0.0714285714286	0.0561224489796	0.015306122449	0.0204081632653	0.0357142857143	0.00510204081633	0.00510204081633	0.734693877551	
0.0357142857143	0.030612244898	0.030612244898	0.0765306122449	0.0255102040816	0.015306122449	0.015306122449	0.015306122449	0	0.00510204081633	0.75	
0.0459183673469	0.0408163265306	0.0714285714286	0.0510204081633	0.030612244898	0.015306122449	0.015306122449	0	0.015306122449	0.0102040816327	0.704081632653	
0.015306122449	0.0459183673469	0.0357142857143	0.0714285714286	0.0510204081633	0.0102040816327	0.0204081632653	0.0357142857143	0.00510204081633	0.0102040816327	0.698979591837	
0.0357142857143	0.0408163265306	0.0459183673469	0.0459183673469	0.030612244898	0.0102040816327	0.0102040816327	0.00510204081633	0.0255102040816	0.0102040816327	0.739795918367	
0.0408163265306	0.030612244898	0.0612244897959	0.0918367346939	0.0408163265306	0.00510204081633	0.00510204081633	0.0102040816327	0.0204081632653	0	0.69387755102	
0.0357142857143	0.0357142857143	0.0102040816327	0.0612244897959	0.0102040816327	0.030612244898	0.015306122449	0.030612244898	0.0102040816327	0	0.760204081633	
0.0408163265306	0.0459183673469	0.0561224489796	0.0867346938776	0.0459183673469	0.0255102040816	0.0255102040816	0.0204081632653	0.00510204081633	0.015306122449	0.632653061224	
0.030612244898	0.0612244897959	0.0357142857143	0.0612244897959	0.0357142857143	0	0.00510204081633	0.00510204081633	0.0102040816327	0.00510204081633	0.75	
0.0255102040816	0.0255102040816	0.0204081632653	0.102040816327	0.0561224489796	0.0204081632653	0.015306122449	0.0102040816327	0.030612244898	0.00510204081633	0.688775510204	
0.015306122449	0.0102040816327	0.0561224489796	0.0714285714286	0.0765306122449	0.0204081632653	0.015306122449	0.0102040816327	0.00510204081633	0.00510204081633	0.714285714286	
0.0357142857143	0.030612244898	0.0510204081633	0.0612244897959	0.0255102040816	0.0204081632653	0.0255102040816	0.0255102040816	0	0.015306122449	0.709183673469	
0.0204081632653	0.0255102040816	0.0612244897959	0.0357142857143	0.0459183673469	0.00510204081633	0.0204081632653	0.00510204081633	0.015306122449	0	0.765306122449	
0.0204081632653	0.0408163265306	0.0561224489796	0.0867346938776	0.0714285714286	0.00510204081633	0.0102040816327	0.0357142857143	0.00510204081633	0.00510204081633	0.663265306122	
0.0459183673469	0.0357142857143	0.0459183673469	0.0765306122449	0.0459183673469	0.015306122449	0.015306122449	0.0204081632653	0.00510204081633	0	0.69387755102	
0.0357142857143	0.0357142857143	0.0867346938776	0.0510204081633	0.030612244898	0.030612244898	0.0204081632653	0.015306122449	0.015306122449	0	0.678571428571	
0.0204081632653	0.030612244898	0.0561224489796	0.0969387755102	0.0510204081633	0.015306122449	0.0102040816327	0.00510204081633	0	0	0.714285714286	
0.030612244898	0.0408163265306	0.0510204081633	0.0408163265306	0.0612244897959	0.030612244898	0.00510204081633	0.0255102040816	0.00510204081633	0.0102040816327	0.698979591837	
0.030612244898	0.0459183673469	0.0510204081633	0.0867346938776	0.030612244898	0.015306122449	0.015306122449	0.0255102040816	0.00510204081633	0	0.69387755102	
0.0408163265306	0.015306122449	0.0765306122449	0.0459183673469	0.0357142857143	0.015306122449	0.0204081632653	0.015306122449	0.00510204081633	0	0.729591836735	
0.0255102040816	0.0255102040816	0.0408163265306	0.0561224489796	0.0408163265306	0.0255102040816	0.0255102040816	0.0204081632653	0.015306122449	0.0102040816327	0.714285714286	
0.0102040816327	0.0408163265306	0.0918367346939	0.0612244897959	0.0357142857143	0.0204081632653	0.0255102040816	0.0204081632653	0.0102040816327	0.0102040816327	0.673469387755	
0.0459183673469	0.0561224489796	0.030612244898	0.0867346938776	0.0510204081633	0.00510204081633	0.0255102040816	0.0255102040816	0	0.00510204081633	0.668367346939	
0.0255102040816	0.0357142857143	0.0612244897959	0.0663265306122	0.0561224489796	0.0255102040816	0.030612244898	0.00510204081633	0.0204081632653	0.0102040816327	0.663265306122	
0.0255102040816	0.0255102040816	0.0357142857143	0.0714285714286	0.0561224489796	0.015306122449	0.0357142857143	0.0204081632653	0.0102040816327	0	0.704081632653	
0.0255102040816	0.0459183673469	0.0663265306122	0.0204081632653	0.0561224489796	0.0255102040816	0.030612244898	0.00510204081633	0.00510204081633	0.0102040816327	0.709183673469	
0.0204081632653	0.030612244898	0.0612244897959	0.0663265306122	0.0459183673469	0.015306122449	0.0102040816327	0.00510204081633	0	0	0.744897959184	
0.0255102040816	0.030612244898	0.0255102040816	0.0816326530612	0.0459183673469	0.015306122449	0.0204081632653	0.015306122449	0.00510204081633	0.015306122449	0.719387755102	
0.030612244898	0.0102040816327	0.030612244898	0.0663265306122	0.030612244898	0.015306122449	0.0102040816327	0.015306122449	0.015306122449	0.00510204081633	0.770408163265	
0.0357142857143	0.0204081632653	0.0255102040816	0.0918367346939	0.0510204081633	0.0255102040816	0.0255102040816	0.00510204081633	0.0204081632653	0.0102040816327	0.688775510204	
0.0459183673469	0.0459183673469	0.0459183673469	0.0765306122449	0.0561224489796	0.015306122449	0.015306122449	0.00510204081633	0.00510204081633	0.00510204081633	0.683673469388	
0.0255102040816	0.0561224489796	0.0663265306122	0.0459183673469	0.0510204081633	0.0204081632653	0.0204081632653	0	0.00510204081633	0.00510204081633	0.704081632653	
0.030612244898	0.0408163265306	0.0357142857143	0.0765306122449	0.030612244898	0.0204081632653	0.0102040816327	0.0102040816327	0.0102040816327	0.0102040816327	0.724489795918	
0.015306122449	0.030612244898	0.0612244897959	0.030612244898	0.0459183673469	0.0102040816327	0.030612244898	0.0102040816327	0.00510204081633	0.015306122449	0.744897959184	
0.030612244898	0.0459183673469	0.0561224489796	0.0510204081633	0.0459183673469	0.015306122449	0.0204081632653	0.00510204081633	0	0.00510204081633	0.724489795918	
0.030612244898	0.0408163265306	0.0459183673469	0.0663265306122	0.030612244898	0.0102040816327	0.0408163265306	0.00510204081633	0.0102040816327	0	0.719387755102	
0.0255102040816	0.030612244898	0.0561224489796	0.0510204081633	0.0663265306122	0.015306122449	0.0102040816327	0.0102040816327	0	0	0.734693877551	
0.0561224489796	0.030612244898	0.0408163265306	0.0561224489796	0.0714285714286	0.0255102040816	0.0459183673469	0	0.00510204081633	0.00510204081633	0.663265306122	
0.030612244898	0.030612244898	0.030612244898	0.0510204081633	0.0357142857143	0.00510204081633	0.015306122449	0.015306122449	0.00510204081633	0.00510204081633	0.775510204082	
0.0459183673469	0.0561224489796	0.0408163265306	0.0510204081633	0.0561224489796	0.015306122449	0.0102040816327	0.015306122449	0.0102040816327	0	0.698979591837	
0.015306122449	0.030612244898	0.0357142857143	0.0714285714286	0.0357142857143	0.0102040816327	0.00510204081633	0.0255102040816	0.00510204081633	0.00510204081633	0.760204081633	
0.0357142857143	0.0408163265306	0.0561224489796	0.0714285714286	0.0255102040816	0.0102040816327	0.030612244898	0.0204081632653	0.0102040816327	0.0255102040816	0.673469387755	
0.0408163265306	0.030612244898	0.0612244897959	0.030612244898	0.0459183673469	0.0204081632653	0.0204081632653	0.0204081632653	0.0102040816327	0.00510204081633	0.714285714286	
0.030612244898	0.0357142857143	0.0459183673469	0.102040816327	0.0612244897959	0.030612244898	0.0102040816327	0.00510204081633	0.00510204081633	0	0.673469387755	
0.0204081632653	0.0204081632653	0.0612244897959	0.0765306122449	0.0459183673469	0.0102040816327	0.0204081632653	0.00510204081633	0.0102040816327	0	0.729591836735	
0.0255102040816	0.015306122449	0.0510204081633	0.0765306122449	0.0459183673469	0.0357142857143	0.015306122449	0.015306122449	0.00510204081633	0.00510204081633	0.709183673469	
0.0204081632653	0.015306122449	0.0357142857143	0.0867346938776	0.0612244897959	0.00510204081633	0.0204081632653	0.0102040816327	0.0102040816327	0.015306122449	0.719387755102	
0.0255102040816	0.0102040816327	0.0510204081633	0.0408163265306	0.0561224489796	0.0204081632653	0.015306122449	0	0	0.00510204081633	0.775510204082	
0.0255102040816	0.0255102040816	0.0357142857143	0.0816326530612	0.0510204081633	0.0204081632653	0.0255102040816	0.0102040816327	0.015306122449	0	0.709183673469	
0.030612244898	0.015306122449	0.0714285714286	0.0612244897959	0.0459183673469	0.0255102040816	0.030612244898	0.015306122449	0.00510204081633	0.0102040816327	0.688775510204	
0.0459183673469	0.0408163265306	0.015306122449	0.0510204081633	0.0663265306122	0.0204081632653	0.015306122449	0.00510204081633	0.015306122449	0.015306122449	0.709183673469	
0.030612244898	0.015306122449	0.0255102040816	0.0816326530612	0.0459183673469	0.015306122449	0.015306122449	0.015306122449	0	0.015306122449	0.739795918367	
0.0204081632653	0.0204081632653	0.0561224489796	0.0663265306122	0.0408163265306	0.0102040816327	0.0102040816327	0.0102040816327	0	0.00510204081633	0.760204081633	
0.0408163265306	0.015306122449	0.0459183673469	0.0612244897959	0.030612244898	0.0357142857143	0.030612244898	0.015306122449	0.0102040816327	0.00510204081633	0.709183673469	
0.0612244897959	0.0204081632653	0.0408163265306	0.0765306122449	0.0510204081633	0.0102040816327	0.0357142857143	0.015306122449	0.00510204081633	0	0.683673469388	
0.0255102040816	0.030612244898	0.0561224489796	0.030612244898	0.0357142857143	0.0204081632653	0.0204081632653	0.00510204081633	0.00510204081633	0.0102040816327	0.760204081633	
0.0255102040816	0.015306122449	0.0204081632653	0.0918367346939	0.0459183673469	0.030612244898	0.0357142857143	0.015306122449	0.0204081632653	0	0.698979591837	
0.0255102040816	0.015306122449	0.0459183673469	0.0459183673469	0.0816326530612	0.0255102040816	0.015306122449	0.015306122449	0.00510204081633	0	0.724489795918	
0.0102040816327	0.0459183673469	0.0510204081633	0.0561224489796	0.0510204081633	0.0255102040816	0.015306122449	0.0357142857143	0.00510204081633	0.00510204081633	0.698979591837	
0.030612244898	0.030612244898	0.0663265306122	0.0510204081633	0.0561224489796	0.00510204081633	0.030612244898	0.0204081632653	0.0102040816327	0	0.698979591837	
0.0357142857143	0.0357142857143	0.0561224489796	0.0969387755102	0.015306122449	0.0102040816327	0.0357142857143	0.00510204081633	0	0.00510204081633	0.704081632653	
0.015306122449	0.0459183673469	0.0510204081633	0.0663265306122	0.0867346938776	0.00510204081633	0.0459183673469	0.015306122449	0	0	0.668367346939	
0.0408163265306	0.030612244898	0.0561224489796	0.0510204081633	0.0408163265306	0.0255102040816	0.0102040816327	0	0.015306122449	0	0.729591836735	
0.030612244898	0.0102040816327	0.0459183673469	0.0663265306122	0.0459183673469	0.015306122449	0.0408163265306	0.0102040816327	0	0	0.734693877551	
0.0255102040816	0.015306122449	0.0561224489796	0.0765306122449	0.030612244898	0.0102040816327	0.015306122449	0.0102040816327	0.015306122449	0.00510204081633	0.739795918367	
0.0255102040816	0.0255102040816	0.0408163265306	0.0561224489796	0.0510204081633	0.015306122449	0.0255102040816	0.0102040816327	0.0204081632653	0.00510204081633	0.724489795918	
0.0612244897959	0.0357142857143	0.030612244898	0.0561224489796	0.0561224489796	0.0102040816327	0.0204081632653	0.0102040816327	0.00510204081633	0.015306122449	0.698979591837	
0.0408163265306	0.0357142857143	0.0663265306122	0.0459183673469	0.0459183673469	0.015306122449	0.015306122449	0.0204081632653	0	0.00510204081633	0.709183673469	
0.0204081632653	0.0459183673469	0.0663265306122	0.0102040816327	0.030612244898	0.030612244898	0.015306122449	0.0204081632653	0.0102040816327	0.00510204081633	0.744897959184	
0.0408163265306	0.0408163265306	0.0561224489796	0.0102040816327	0.0663265306122	0.0204081632653	0.015306122449	0.015306122449	0.00510204081633	0.00510204081633	0.724489795918	
0.0408163265306	0.0357142857143	0.00510204081633	0.0102040816327	0	0.030612244898	0.0357142857143	0.015306122449	0.00510204081633	0	0.821428571429	
0.0204081632653	0.0459183673469	0.0102040816327	0	0	0.0204081632653	0.015306122449	0.0204081632653	0.0102040816327	0.00510204081633	0.852040816327	
0	0	0	0.00510204081633	0	0.0255102040816	0.0255102040816	0.0255102040816	0.0102040816327	0.0102040816327	0.897959183673	
0	0.0102040816327	0.00510204081633	0	0.00510204081633	0.0102040816327	0.0255102040816	0.015306122449	0.0102040816327	0.00510204081633	0.913265306122	
0.0102040816327	0	0	0.0102040816327	0	0.0204081632653	0.0255102040816	0.0255102040816	0.00510204081633	0.00510204081633	0.897959183673	
0	0	0	0	0.00510204081633	0.0255102040816	0.00510204081633	0.0204081632653	0.0102040816327	0.0102040816327	0.923469387755	
0.0408163265306	0.0408163265306	0.0357142857143	0.102040816327	0.0459183673469	0.0255102040816	0.015306122449	0.015306122449	0.0102040816327	0.00510204081633	0.663265306122	
0.0612244897959	0.0204081632653	0.0612244897959	0.0561224489796	0.030612244898	0.0255102040816	0.0255102040816	0.0204081632653	0.00510204081633	0.00510204081633	0.688775510204	
0.030612244898	0.0408163265306	0.0612244897959	0.0663265306122	0.0612244897959	0.0204081632653	0.0408163265306	0.0255102040816	0	0	0.65306122449	
0.0459183673469	0.0459183673469	0.0459183673469	0.0510204081633	0.0663265306122	0.0102040816327	0.0204081632653	0.0255102040816	0.00510204081633	0.015306122449	0.668367346939	
0.0255102040816	0.0255102040816	0.0459183673469	0.0459183673469	0.0459183673469	0.0204081632653	0.0255102040816	0.00510204081633	0	0.00510204081633	0.755102040816	
0.030612244898	0.0357142857143	0.0663265306122	0.0612244897959	0.0255102040816	0.00510204081633	0.00510204081633	0	0	0.00510204081633	0.765306122449	
0.00510204081633	0.0459183673469	0.0357142857143	0.0663265306122	0.0255102040816	0	0.030612244898	0.0255102040816	0.0102040816327	0	0.755102040816	
0.0204081632653	0.0357142857143	0.0255102040816	0.0561224489796	0.0867346938776	0.0255102040816	0.0255102040816	0.0204081632653	0.015306122449	0.0102040816327	0.678571428571	
0.0102040816327	0.0357142857143	0.0918367346939	0.0510204081633	0.0357142857143	0.015306122449	0.0204081632653	0.015306122449	0.00510204081633	0.0102040816327	0.709183673469	
0.0357142857143	0.0408163265306	0.0663265306122	0.0867346938776	0.0561224489796	0.015306122449	0.015306122449	0.015306122449	0	0.0102040816327	0.658163265306	
0.00510204081633	0.0102040816327	0.030612244898	0.0612244897959	0.030612244898	0.00510204081633	0.015306122449	0.030612244898	0.00510204081633	0.0102040816327	0.795918367347	
0.0765306122449	0.0459183673469	0.0663265306122	0.0408163265306	0.0459183673469	0.015306122449	0.0102040816327	0.015306122449	0.00510204081633	0.015306122449	0.663265306122	
0.0408163265306	0.0561224489796	0.0561224489796	0.107142857143	0.0765306122449	0.0102040816327	0.0204081632653	0.0255102040816	0.00510204081633	0.00510204081633	0.59693877551	
0.0357142857143	0.0102040816327	0.0561224489796	0.0612244897959	0.015306122449	0.0255102040816	0.0102040816327	0.015306122449	0.00510204081633	0.00510204081633	0.760204081633	
0.0204081632653	0.0459183673469	0.030612244898	0.0663265306122	0.0408163265306	0.015306122449	0.0102040816327	0.00510204081633	0.00510204081633	0.0102040816327	0.75	
0.015306122449	0.0408163265306	0.0816326530612	0.0816326530612	0.0510204081633	0.0102040816327	0.030612244898	0.0357142857143	0	0.00510204081633	0.647959183673	
0.0408163265306	0.0408163265306	0.0408163265306	0.0663265306122	0.0255102040816	0.00510204081633	0.0357142857143	0.0102040816327	0.0102040816327	0	0.724489795918	
0.0357142857143	0.015306122449	0.0612244897959	0.102040816327	0.0459183673469	0.0255102040816	0.015306122449	0.0102040816327	0	0.0102040816327	0.678571428571	
0.030612244898	0.0408163265306	0.030612244898	0.0510204081633	0.0408163265306	0.0255102040816	0.0357142857143	0.015306122449	0.00510204081633	0	0.724489795918	
0.0357142857143	0.0561224489796	0.0561224489796	0.0918367346939	0.0510204081633	0.00510204081633	0.0102040816327	0.015306122449	0.0102040816327	0.0102040816327	0.658163265306	
0.0204081632653	0.0204081632653	0.0663265306122	0.0867346938776	0.0510204081633	0.015306122449	0.00510204081633	0.0255102040816	0.015306122449	0	0.69387755102	
0.030612244898	0.015306122449	0.0357142857143	0.0918367346939	0.0561224489796	0.00510204081633	0.0357142857143	0.0357142857143	0.015306122449	0.00510204081633	0.673469387755	
0.0459183673469	0.030612244898	0.0255102040816	0.0816326530612	0.0510204081633	0.0204081632653	0.015306122449	0.0255102040816	0.015306122449	0	0.688775510204	
0.0510204081633	0.0204081632653	0.0510204081633	0.0408163265306	0.0459183673469	0.00510204081633	0.030612244898	0.00510204081633	0.00510204081633	0.0102040816327	0.734693877551	
0.0357142857143	0.0204081632653	0.0408163265306	0.0663265306122	0.0408163265306	0.00510204081633	0.0255102040816	0.00510204081633	0.0102040816327	0.00510204081633	0.744897959184	
0.030612244898	0.030612244898	0.0357142857143	0.0816326530612	0.0663265306122	0	0.0102040816327	0.0102040816327	0.015306122449	0.00510204081633	0.714285714286	
0.0204081632653	0.0102040816327	0.0459183673469	0.0816326530612	0.0561224489796	0.0204081632653	0.0204081632653	0.015306122449	0.015306122449	0	0.714285714286	
0.0510204081633	0.015306122449	0.0357142857143	0.0918367346939	0.0561224489796	0.015306122449	0.0102040816327	0.015306122449	0.00510204081633	0.00510204081633	0.698979591837	
0.015306122449	0.015306122449	0.0612244897959	0.0918367346939	0.0510204081633	0	0.0255102040816	0.0255102040816	0.0204081632653	0.00510204081633	0.688775510204	
0.0459183673469	0.015306122449	0.0510204081633	0.0969387755102	0.0612244897959	0.0204081632653	0.0357142857143	0.0255102040816	0.015306122449	0.00510204081633	0.627551020408	
0.0357142857143	0.030612244898	0.0561224489796	0.102040816327	0.0408163265306	0.0102040816327	0.0255102040816	0.00510204081633	0	0.0102040816327	0.683673469388	
0.0357142857143	0.0510204081633	0.0357142857143	0.0510204081633	0.0714285714286	0.0357142857143	0.030612244898	0.0255102040816	0.0102040816327	0	0.65306122449	
0.0255102040816	0.0357142857143	0.0561224489796	0.0510204081633	0.0459183673469	0.00510204081633	0.015306122449	0.00510204081633	0	0.0102040816327	0.75	
0.030612244898	0.0255102040816	0.0510204081633	0.0561224489796	0.0357142857143	0.0102040816327	0.0255102040816	0.0102040816327	0.00510204081633	0	0.75	
0.030612244898	0.0408163265306	0.0408163265306	0.0969387755102	0.0459183673469	0.0102040816327	0.0102040816327	0.0255102040816	0.00510204081633	0	0.69387755102	
0.0357142857143	0.0357142857143	0.0561224489796	0.0561224489796	0.0408163265306	0.0102040816327	0.015306122449	0.0102040816327	0	0	0.739795918367	
0.0561224489796	0.030612244898	0.0663265306122	0.0510204081633	0.0663265306122	0.015306122449	0.0255102040816	0.0102040816327	0.0102040816327	0	0.668367346939	
0.030612244898	0.0255102040816	0.0408163265306	0.0204081632653	0.0459183673469	0.030612244898	0.015306122449	0.0255102040816	0.00510204081633	0	0.760204081633	
0.030612244898	0.0408163265306	0.0612244897959	0.0408163265306	0.0357142857143	0.0255102040816	0.0102040816327	0.0204081632653	0.0102040816327	0	0.724489795918	
0.0408163265306	0.0408163265306	0.0459183673469	0.0357142857143	0.0510204081633	0.0102040816327	0.015306122449	0.0204081632653	0.0102040816327	0.0102040816327	0.719387755102	
0.0357142857143	0.0255102040816	0.0459183673469	0.0510204081633	0.0561224489796	0.015306122449	0.0255102040816	0.0255102040816	0.0102040816327	0.00510204081633	0.704081632653	
0.0204081632653	0.0357142857143	0.0357142857143	0.0561224489796	0.0510204081633	0.015306122449	0.0255102040816	0.015306122449	0.0204081632653	0.0102040816327	0.714285714286	
0.015306122449	0.0255102040816	0.0561224489796	0.0918367346939	0.0357142857143	0.00510204081633	0.00510204081633	0.0102040816327	0	0	0.755102040816	
0.0255102040816	0.030612244898	0.0612244897959	0.0918367346939	0.0408163265306	0.0102040816327	0.0102040816327	0.0102040816327	0.00510204081633	0.00510204081633	0.709183673469	
0.0408163265306	0.0255102040816	0.0663265306122	0.0867346938776	0.0408163265306	0.00510204081633	0.0408163265306	0.015306122449	0	0.0102040816327	0.668367346939	
0.0510204081633	0.030612244898	0.0459183673469	0.0612244897959	0.0816326530612	0	0.030612244898	0.0204081632653	0.0102040816327	0.0102040816327	0.658163265306	
0.0459183673469	0.015306122449	0.0459183673469	0.0969387755102	0.0255102040816	0.0255102040816	0.0204081632653	0.015306122449	0.00510204081633	0.00510204081633	0.698979591837	
0.0204081632653	0.030612244898	0.0714285714286	0.0765306122449	0.0918367346939	0.0102040816327	0.015306122449	0.0102040816327	0.00510204081633	0.00510204081633	0.663265306122	
0.0408163265306	0.030612244898	0.0510204081633	0.0714285714286	0.0612244897959	0.00510204081633	0.0357142857143	0.00510204081633	0.0102040816327	0.00510204081633	0.683673469388	
0.015306122449	0.0510204081633	0.0663265306122	0.0816326530612	0.0459183673469	0.0102040816327	0.030612244898	0.0102040816327	0	0.00510204081633	0.683673469388	
0.0204081632653	0.0510204081633	0.0357142857143	0.0816326530612	0.0459183673469	0.0102040816327	0.00510204081633	0.0255102040816	0.00510204081633	0.00510204081633	0.714285714286	
0.0663265306122	0.015306122449	0.0459183673469	0.0561224489796	0.0408163265306	0.0102040816327	0.0204081632653	0.015306122449	0.0102040816327	0.00510204081633	0.714285714286	
0.0357142857143	0.0204081632653	0.0459183673469	0.0510204081633	0.030612244898	0.0255102040816	0.015306122449	0.015306122449	0.015306122449	0	0.744897959184	
0.0459183673469	0.0204081632653	0.0561224489796	0.0459183673469	0.0408163265306	0.00510204081633	0.015306122449	0.0102040816327	0.015306122449	0.015306122449	0.729591836735	
0.0255102040816	0.0408163265306	0.0255102040816	0.0867346938776	0.0255102040816	0.0102040816327	0.0204081632653	0.0204081632653	0.0204081632653	0.015306122449	0.709183673469	
0.0510204081633	0.0459183673469	0.0357142857143	0.0459183673469	0.0357142857143	0.0204081632653	0.015306122449	0.0204081632653	0	0.00510204081633	0.724489795918	
0.015306122449	0.0357142857143	0.0612244897959	0.0765306122449	0.0867346938776	0.015306122449	0.0204081632653	0.0255102040816	0.00510204081633	0	0.658163265306	
0.0255102040816	0.015306122449	0.0408163265306	0.0816326530612	0.0714285714286	0.00510204081633	0.0204081632653	0.0408163265306	0.0102040816327	0.00510204081633	0.683673469388	
0.0510204081633	0.0510204081633	0.0714285714286	0.0612244897959	0.0765306122449	0.0204081632653	0.0255102040816	0.030612244898	0.0102040816327	0	0.602040816327	
0.0612244897959	0.030612244898	0.0459183673469	0.0969387755102	0.0255102040816	0.00510204081633	0.015306122449	0.00510204081633	0.00510204081633	0	0.709183673469	
0.015306122449	0.0357142857143	0.030612244898	0.0714285714286	0.0663265306122	0.030612244898	0.0204081632653	0.0408163265306	0	0	0.688775510204	
0.0561224489796	0.0408163265306	0.0510204081633	0.0408163265306	0.0612244897959	0.015306122449	0.00510204081633	0.030612244898	0.0204081632653	0.0102040816327	0.668367346939	
0.0255102040816	0.0561224489796	0.0459183673469	0.0510204081633	0.0612244897959	0.015306122449	0.0255102040816	0.00510204081633	0.00510204081633	0.0102040816327	0.698979591837	
0.00510204081633	0.0459183673469	0.0459183673469	0.0561224489796	0.0816326530612	0.00510204081633	0.0204081632653	0.030612244898	0.0102040816327	0.00510204081633	0.69387755102	
0.0561224489796	0.0459183673469	0.0255102040816	0.0561224489796	0.0561224489796	0	0.0204081632653	0.015306122449	0.0102040816327	0.00510204081633	0.709183673469	
0.0510204081633	0.0510204081633	0.0357142857143	0.0612244897959	0.0510204081633	0.015306122449	0.0102040816327	0.015306122449	0.015306122449	0.00510204081633	0.688775510204	
0.0255102040816	0.030612244898	0.0714285714286	0.0714285714286	0.0102040816327	0.015306122449	0.0357142857143	0.0204081632653	0.0102040816327	0.0204081632653	0.688775510204	
0.0204081632653	0.030612244898	0.0663265306122	0.0765306122449	0.0663265306122	0.0102040816327	0.0408163265306	0.0102040816327	0.0102040816327	0	0.668367346939	
0.0459183673469	0.0204081632653	0.0816326530612	0.0561224489796	0.0357142857143	0.0255102040816	0.0204081632653	0.030612244898	0.0102040816327	0.0255102040816	0.647959183673	
0.0357142857143	0.0255102040816	0.0765306122449	0.0612244897959	0.0612244897959	0.0102040816327	0.0204081632653	0.0204081632653	0.0102040816327	0.0102040816327	0.668367346939	
0.015306122449	0.0357142857143	0.0714285714286	0.0459183673469	0.0510204081633	0.0102040816327	0.015306122449	0.0102040816327	0.00510204081633	0.0102040816327	0.729591836735	
0.0510204081633	0.0357142857143	0.0510204081633	0.0714285714286	0.0561224489796	0.015306122449	0.0204081632653	0.00510204081633	0.00510204081633	0.0102040816327	0.678571428571	
0.0357142857143	0.015306122449	0.0561224489796	0.0561224489796	0.0561224489796	0.0204081632653	0.0102040816327	0.0204081632653	0.0255102040816	0.00510204081633	0.698979591837	
0.0408163265306	0.0612244897959	0.0459183673469	0.0408163265306	0.0408163265306	0.015306122449	0.0255102040816	0.015306122449	0	0.0102040816327	0.704081632653	
0.015306122449	0.015306122449	0.0459183673469	0.0765306122449	0.0459183673469	0.0102040816327	0.0102040816327	0.0102040816327	0.015306122449	0	0.755102040816	
0.0408163265306	0.0102040816327	0.0612244897959	0.0510204081633	0.0459183673469	0.00510204081633	0.0102040816327	0	0	0.0102040816327	0.765306122449	
0.0204081632653	0.0612244897959	0.0714285714286	0.0612244897959	0.0459183673469	0.0102040816327	0.0204081632653	0.015306122449	0.0102040816327	0.0102040816327	0.673469387755	
0.030612244898	0.030612244898	0.0357142857143	0.0969387755102	0.0255102040816	0.0102040816327	0.015306122449	0.00510204081633	0.0102040816327	0.00510204081633	0.734693877551	
0.030612244898	0.0459183673469	0.0459183673469	0.0408163265306	0.0459183673469	0.0102040816327	0.0204081632653	0.0204081632653	0.00510204081633	0	0.734693877551	
0.0357142857143	0.0357142857143	0.0459183673469	0.0816326530612	0.015306122449	0.0102040816327	0.0255102040816	0.0102040816327	0.0204081632653	0.00510204081633	0.714285714286	
0.0357142857143	0.0255102040816	0.030612244898	0.0816326530612	0.0408163265306	0.0102040816327	0.0102040816327	0.0204081632653	0	0	0.744897959184	
0.030612244898	0.0357142857143	0.0255102040816	0.0459183673469	0.0357142857143	0.015306122449	0.015306122449	0.0255102040816	0	0	0.770408163265	
0.015306122449	0.0408163265306	0.0510204081633	0.0663265306122	0.0612244897959	0.0204081632653	0	0.0408163265306	0.00510204081633	0.00510204081633	0.69387755102	
0.0204081632653	0.015306122449	0.030612244898	0.0816326530612	0.0408163265306	0.015306122449	0.00510204081633	0.0204081632653	0	0.015306122449	0.755102040816	
0.0255102040816	0.0357142857143	0.0255102040816	0.0663265306122	0.0408163265306	0.0255102040816	0.015306122449	0.0255102040816	0	0.015306122449	0.724489795918	
0.0255102040816	0.0204081632653	0.0408163265306	0.0612244897959	0.0510204081633	0.0204081632653	0.015306122449	0.0204081632653	0.0102040816327	0	0.734693877551	
0.0408163265306	0.030612244898	0.0510204081633	0.0663265306122	0.0714285714286	0.015306122449	0.030612244898	0.0255102040816	0.0102040816327	0.00510204081633	0.65306122449	
0.0255102040816	0.0255102040816	0.0612244897959	0.0663265306122	0.0510204081633	0.0255102040816	0.0204081632653	0.0102040816327	0.00510204081633	0	0.709183673469	
0.0255102040816	0.0255102040816	0.0510204081633	0.0408163265306	0.0408163265306	0.015306122449	0.0357142857143	0.0255102040816	0.0204081632653	0	0.719387755102	
0.0408163265306	0.0408163265306	0.0459183673469	0.0969387755102	0.030612244898	0.0102040816327	0.00510204081633	0.0102040816327	0.0255102040816	0	0.69387755102	
0.0204081632653	0.030612244898	0.0255102040816	0.030612244898	0.0663265306122	0.00510204081633	0.0204081632653	0.0255102040816	0.015306122449	0	0.760204081633	
0.030612244898	0.0255102040816	0.0612244897959	0.0663265306122	0.0612244897959	0.0102040816327	0.0357142857143	0.0102040816327	0.015306122449	0.00510204081633	0.678571428571	
0.0510204081633	0.0612244897959	0.0408163265306	0.030612244898	0.0561224489796	0.0204081632653	0.0255102040816	0.015306122449	0.015306122449	0	0.683673469388	
0.0459183673469	0.0459183673469	0.0714285714286	0.0663265306122	0.0612244897959	0.030612244898	0.0255102040816	0.00510204081633	0	0.015306122449	0.632653061224	
0.0357142857143	0.0204081632653	0.0561224489796	0.0561224489796	0.0714285714286	0.0102040816327	0.0102040816327	0.0204081632653	0.0204081632653	0.0102040816327	0.688775510204	
0.0357142857143	0.0357142857143	0.015306122449	0.0663265306122	0.0510204081633	0.015306122449	0.0102040816327	0.030612244898	0.00510204081633	0.00510204081633	0.729591836735	
0.0408163265306	0.0255102040816	0.0816326530612	0.0408163265306	0.015306122449	0.00510204081633	0.0204081632653	0.00510204081633	0	0.0102040816327	0.755102040816	
0.0255102040816	0.0102040816327	0.0663265306122	0.0612244897959	0.0510204081633	0.015306122449	0.0204081632653	0.00510204081633	0.00510204081633	0.0102040816327	0.729591836735	
0.0408163265306	0.0102040816327	0.0408163265306	0.0918367346939	0.0459183673469	0.00510204081633	0.0408163265306	0.0102040816327	0.0255102040816	0	0.688775510204	
0.0204081632653	0.0357142857143	0.0102040816327	0.0663265306122	0.0459183673469	0	0.015306122449	0.0255102040816	0.00510204081633	0.0102040816327	0.765306122449	
0.0510204081633	0.0408163265306	0.0561224489796	0.030612244898	0.0561224489796	0.0204081632653	0.0204081632653	0.015306122449	0.0102040816327	0	0.698979591837	
0.0204081632653	0.0612244897959	0.0408163265306	0.0510204081633	0.0510204081633	0.0204081632653	0.00510204081633	0.0204081632653	0.0102040816327	0.00510204081633	0.714285714286	
0.0357142857143	0.015306122449	0.030612244898	0.0714285714286	0.0765306122449	0.0102040816327	0.0255102040816	0.0102040816327	0.00510204081633	0.00510204081633	0.714285714286	
0.0357142857143	0.0102040816327	0.0408163265306	0.0408163265306	0.0612244897959	0.0255102040816	0.030612244898	0.00510204081633	0.015306122449	0	0.734693877551	
0.0255102040816	0.030612244898	0.0459183673469	0.102040816327	0.0510204081633	0.030612244898	0.0255102040816	0.0204081632653	0.015306122449	0.00510204081633	0.647959183673	
0.015306122449	0.0357142857143	0.0255102040816	0.0612244897959	0.0714285714286	0.0102040816327	0.0204081632653	0.0255102040816	0.0102040816327	0.00510204081633	0.719387755102	
0.015306122449	0.0357142857143	0.0459183673469	0.0663265306122	0.0408163265306	0.0102040816327	0.0204081632653	0	0.00510204081633	0.00510204081633	0.755102040816	
0.0561224489796	0.030612244898	0.0612244897959	0.0969387755102	0.0255102040816	0.0204081632653	0.00510204081633	0.0255102040816	0.0102040816327	0	0.668367346939	
0.0204081632653	0.0612244897959	0.0612244897959	0.0663265306122	0.0459183673469	0.015306122449	0.015306122449	0.0255102040816	0.00510204081633	0.015306122449	0.668367346939	
0.030612244898	0.0408163265306	0.0459183673469	0.0663265306122	0.0612244897959	0.015306122449	0.0102040816327	0.00510204081633	0.00510204081633	0	0.719387755102	
0.030612244898	0.015306122449	0.0408163265306	0.0867346938776	0.0612244897959	0.0102040816327	0.030612244898	0.0102040816327	0.00510204081633	0.00510204081633	0.704081632653	
0.030612244898	0.0204081632653	0.0714285714286	0.0510204081633	0.0816326530612	0.0255102040816	0.0102040816327	0.030612244898	0.00510204081633	0	0.673469387755	
0.015306122449	0.0102040816327	0.0612244897959	0.0918367346939	0.0459183673469	0.0204081632653	0.0204081632653	0.00510204081633	0.00510204081633	0	0.724489795918	
0.015306122449	0.0204081632653	0.0561224489796	0.0816326530612	0.0459183673469	0.0204081632653	0.030612244898	0.0204081632653	0.015306122449	0	0.69387755102	
