0.0787037037037	0.0601851851852	0.0601851851852	0.0324074074074	0.0277777777778	0.0416666666667	0	0.0185185185185	0.0185185185185	0.00462962962963	0.657407407407	
0.0925925925926	0.0694444444444	0.0416666666667	0.0277777777778	0.00925925925926	0.0138888888889	0.0138888888889	0.00462962962963	0	0.00462962962963	0.722222222222	
0.0740740740741	0.0462962962963	0.0462962962963	0.0185185185185	0.0231481481481	0.0231481481481	0.00925925925926	0.00925925925926	0.00462962962963	0.00925925925926	0.736111111111	
0.0787037037037	0.0231481481481	0.0555555555556	0.0277777777778	0.00462962962963	0.0277777777778	0.00462962962963	0.0231481481481	0.0138888888889	0.00925925925926	0.731481481481	
0.0555555555556	0.0324074074074	0.037037037037	0.0138888888889	0.00462962962963	0.0231481481481	0.0231481481481	0.00925925925926	0	0	0.800925925926	
0.0925925925926	0.0324074074074	0.0277777777778	0.0277777777778	0.0185185185185	0.0185185185185	0.00462962962963	0.00925925925926	0.0185185185185	0.0138888888889	0.736111111111	
0.0833333333333	0.0277777777778	0.0694444444444	0.0138888888889	0.00925925925926	0.0231481481481	0	0.0138888888889	0.00462962962963	0	0.75462962963	
0.0694444444444	0.0555555555556	0.0509259259259	0.00462962962963	0.0138888888889	0.0185185185185	0.00925925925926	0.0185185185185	0.00925925925926	0.00462962962963	0.74537037037	
0.0324074074074	0.037037037037	0.0648148148148	0.037037037037	0.00925925925926	0.037037037037	0	0.00925925925926	0	0.00462962962963	0.768518518519	
0.037037037037	0.0138888888889	0.0555555555556	0.0185185185185	0.0138888888889	0.0324074074074	0.00925925925926	0.00925925925926	0.00925925925926	0	0.800925925926	
0.0416666666667	0.0231481481481	0.0509259259259	0.00925925925926	0.0185185185185	0.00462962962963	0.00462962962963	0.0138888888889	0	0.00925925925926	0.824074074074	
0.0555555555556	0.0509259259259	0.0416666666667	0.0324074074074	0.0277777777778	0.0185185185185	0.0138888888889	0.0185185185185	0	0.00462962962963	0.736111111111	
0.111111111111	0.0462962962963	0.0416666666667	0.0138888888889	0.00462962962963	0.00925925925926	0.00925925925926	0.00462962962963	0	0.00925925925926	0.75	
0.0925925925926	0.037037037037	0.0277777777778	0.0231481481481	0.00462962962963	0.0185185185185	0.00925925925926	0.00462962962963	0	0	0.782407407407	
0.0648148148148	0.0231481481481	0.0555555555556	0.0324074074074	0.0231481481481	0.0231481481481	0.0185185185185	0.00925925925926	0.0185185185185	0.00462962962963	0.726851851852	
0.0555555555556	0.0509259259259	0.0555555555556	0.0324074074074	0.0185185185185	0.0231481481481	0.00925925925926	0.0138888888889	0.00462962962963	0	0.736111111111	
0.0694444444444	0.00925925925926	0.0509259259259	0.0185185185185	0.0185185185185	0.0138888888889	0.00925925925926	0.00462962962963	0.00925925925926	0.00462962962963	0.791666666667	
0.0694444444444	0.0277777777778	0.0416666666667	0.037037037037	0.0324074074074	0.0138888888889	0.00925925925926	0.0185185185185	0.00462962962963	0.0138888888889	0.731481481481	
0.0601851851852	0.0462962962963	0.0462962962963	0.0416666666667	0.0185185185185	0.0231481481481	0.0185185185185	0.00462962962963	0.00462962962963	0.0185185185185	0.717592592593	
0.0509259259259	0.0416666666667	0.0509259259259	0.0138888888889	0.00925925925926	0.0231481481481	0.0231481481481	0.0277777777778	0.0185185185185	0.00462962962963	0.736111111111	
0.0787037037037	0.0509259259259	0.0648148148148	0.00462962962963	0.0416666666667	0.0185185185185	0.0185185185185	0.0185185185185	0.00462962962963	0.00462962962963	0.694444444444	
0.087962962963	0.037037037037	0.0509259259259	0.0185185185185	0.037037037037	0.0138888888889	0.00462962962963	0.0185185185185	0.00462962962963	0	0.726851851852	
0.0509259259259	0.0462962962963	0.0231481481481	0.037037037037	0.0138888888889	0.0138888888889	0.00925925925926	0.0185185185185	0.00925925925926	0.00462962962963	0.773148148148	
0.12037037037	0.037037037037	0.0601851851852	0.0277777777778	0.0324074074074	0.0138888888889	0.00925925925926	0.0231481481481	0	0	0.675925925926	
0.0555555555556	0.0601851851852	0.0324074074074	0.0185185185185	0.0138888888889	0.0324074074074	0	0.0185185185185	0	0	0.768518518519	
0.0555555555556	0.0416666666667	0.0509259259259	0.00462962962963	0.0185185185185	0.0138888888889	0.0231481481481	0.00925925925926	0	0	0.782407407407	
0.0787037037037	0.0416666666667	0.0462962962963	0.0277777777778	0.0138888888889	0.0231481481481	0.0138888888889	0	0.00462962962963	0.00925925925926	0.740740740741	
0.0925925925926	0.0694444444444	0.0277777777778	0.0231481481481	0.0185185185185	0	0.0138888888889	0.0138888888889	0.00462962962963	0	0.736111111111	
0.0648148148148	0.0324074074074	0.0324074074074	0.0416666666667	0.0138888888889	0.0231481481481	0	0.0138888888889	0.00462962962963	0.00462962962963	0.768518518519	
0.0277777777778	0.0509259259259	0.0740740740741	0.0185185185185	0.0416666666667	0.037037037037	0.0185185185185	0.0324074074074	0.00462962962963	0	0.694444444444	
0.0462962962963	0.0462962962963	0.0509259259259	0.00462962962963	0.0231481481481	0.00925925925926	0.00925925925926	0.0138888888889	0.00925925925926	0	0.787037037037	
0.0740740740741	0.0324074074074	0.0601851851852	0.0185185185185	0.00925925925926	0.0509259259259	0.0138888888889	0.0231481481481	0.00462962962963	0.00462962962963	0.708333333333	
0.0740740740741	0.0462962962963	0.0231481481481	0.00462962962963	0.0185185185185	0.0277777777778	0.00925925925926	0.00462962962963	0.00462962962963	0	0.787037037037	
0.0694444444444	0.0462962962963	0.0555555555556	0.0138888888889	0.0462962962963	0.0231481481481	0.00925925925926	0.0185185185185	0.0138888888889	0.00462962962963	0.699074074074	
0.0601851851852	0.0648148148148	0.0509259259259	0.0185185185185	0.00925925925926	0.0185185185185	0.0185185185185	0.0231481481481	0.00462962962963	0.00462962962963	0.726851851852	
0.0416666666667	0.037037037037	0.0462962962963	0.0277777777778	0.0138888888889	0.00925925925926	0.0185185185185	0.00925925925926	0.0138888888889	0	0.782407407407	
0.0509259259259	0.0555555555556	0.0601851851852	0.00925925925926	0.00925925925926	0.037037037037	0.0185185185185	0.0185185185185	0	0.00462962962963	0.736111111111	
0.0787037037037	0.0138888888889	0.0555555555556	0.00925925925926	0.0231481481481	0.037037037037	0.00462962962963	0.00462962962963	0.00462962962963	0.00925925925926	0.759259259259	
0.0277777777778	0.0787037037037	0.0324074074074	0.0185185185185	0.037037037037	0.0277777777778	0.00925925925926	0.0138888888889	0.0185185185185	0.00925925925926	0.726851851852	
0.0787037037037	0.0509259259259	0.0509259259259	0.0185185185185	0.0277777777778	0.0509259259259	0.00925925925926	0.00925925925926	0.00462962962963	0.0138888888889	0.685185185185	
0.0740740740741	0.037037037037	0.0231481481481	0.00925925925926	0	0.0185185185185	0.00925925925926	0.0416666666667	0.0185185185185	0.00925925925926	0.759259259259	
0.0648148148148	0.0509259259259	0.0601851851852	0.00925925925926	0.00925925925926	0.0277777777778	0.00462962962963	0.0231481481481	0	0.00925925925926	0.740740740741	
0.0740740740741	0.0277777777778	0.037037037037	0.0185185185185	0.00925925925926	0.0277777777778	0.037037037037	0.0231481481481	0.00925925925926	0.00462962962963	0.731481481481	
0.0648148148148	0.0138888888889	0.0324074074074	0.0185185185185	0.00925925925926	0.0138888888889	0.00925925925926	0.0277777777778	0	0.0185185185185	0.791666666667	
0.0648148148148	0.0416666666667	0.0648148148148	0.0138888888889	0.0138888888889	0.00925925925926	0.0138888888889	0.0185185185185	0	0.00462962962963	0.75462962963	
0.0555555555556	0.0324074074074	0.0648148148148	0.0277777777778	0.0231481481481	0.0185185185185	0.00925925925926	0.00925925925926	0.00462962962963	0	0.75462962963	
0.0925925925926	0.0324074074074	0.037037037037	0.0185185185185	0.0324074074074	0.0185185185185	0.00925925925926	0.0277777777778	0.0138888888889	0	0.717592592593	
0.0601851851852	0.0601851851852	0.0555555555556	0.0185185185185	0.0277777777778	0.0231481481481	0.0138888888889	0	0.00462962962963	0	0.736111111111	
0.0787037037037	0.0185185185185	0.0601851851852	0.0185185185185	0.00925925925926	0.0138888888889	0.00925925925926	0	0.00462962962963	0.00925925925926	0.777777777778	
0.0648148148148	0.037037037037	0.037037037037	0.0138888888889	0.0185185185185	0.0138888888889	0.0138888888889	0.00925925925926	0.00925925925926	0	0.782407407407	
0.0416666666667	0.0740740740741	0.0462962962963	0.0138888888889	0.00925925925926	0.0231481481481	0.0185185185185	0.0185185185185	0.00462962962963	0	0.75	
0.0555555555556	0.0694444444444	0.0324074074074	0.0185185185185	0.00462962962963	0.0416666666667	0.0138888888889	0.0138888888889	0.00462962962963	0.00462962962963	0.740740740741	
0.0462962962963	0.0509259259259	0.0601851851852	0.0185185185185	0.00462962962963	0.0185185185185	0.0185185185185	0.0324074074074	0.00462962962963	0.00925925925926	0.736111111111	
0.0787037037037	0.037037037037	0.0555555555556	0.0138888888889	0.00462962962963	0.0138888888889	0.0185185185185	0.00925925925926	0.00462962962963	0.00925925925926	0.75462962963	
0.101851851852	0.0185185185185	0.0462962962963	0.00462962962963	0.0138888888889	0.0231481481481	0.0138888888889	0.00925925925926	0.0138888888889	0.00462962962963	0.75	
0.0648148148148	0.0555555555556	0.0787037037037	0.0138888888889	0.0138888888889	0.00925925925926	0.00925925925926	0.0185185185185	0.00925925925926	0.0138888888889	0.712962962963	
0.0509259259259	0.0555555555556	0.0509259259259	0.0185185185185	0.00462962962963	0.0277777777778	0.0231481481481	0.0138888888889	0.0185185185185	0.0185185185185	0.717592592593	
0.0740740740741	0.037037037037	0.0601851851852	0.0185185185185	0.00925925925926	0.0185185185185	0.00925925925926	0.0277777777778	0	0.00925925925926	0.736111111111	
0.0416666666667	0.0555555555556	0.0555555555556	0.0277777777778	0.00925925925926	0.0324074074074	0.00925925925926	0.0185185185185	0.00462962962963	0.00925925925926	0.736111111111	
0.0555555555556	0.037037037037	0.0462962962963	0.0509259259259	0.00462962962963	0.0185185185185	0.00925925925926	0	0	0.0138888888889	0.763888888889	
0.0555555555556	0.0231481481481	0.0509259259259	0.0231481481481	0	0.0231481481481	0.00462962962963	0.0138888888889	0	0.00925925925926	0.796296296296	
0.0648148148148	0.0462962962963	0.0555555555556	0.0277777777778	0.0185185185185	0.00925925925926	0.00925925925926	0.0138888888889	0.0138888888889	0.00925925925926	0.731481481481	
0.0694444444444	0.0324074074074	0.0462962962963	0.0185185185185	0.00925925925926	0.0138888888889	0.0185185185185	0.00925925925926	0	0.00925925925926	0.773148148148	
0.0787037037037	0.0231481481481	0.0462962962963	0.0324074074074	0.00925925925926	0.0277777777778	0.0138888888889	0.0231481481481	0.0138888888889	0.00462962962963	0.726851851852	
0.0740740740741	0.0231481481481	0.0601851851852	0.0185185185185	0.0277777777778	0.00925925925926	0.0138888888889	0.0138888888889	0	0.0138888888889	0.74537037037	
0.0740740740741	0.0324074074074	0.0277777777778	0.0277777777778	0.00462962962963	0.0185185185185	0.0185185185185	0.00925925925926	0.00462962962963	0.00925925925926	0.773148148148	
0.0509259259259	0.0324074074074	0.0277777777778	0.0138888888889	0.0185185185185	0.0138888888889	0.0138888888889	0.0138888888889	0.00925925925926	0.0231481481481	0.782407407407	
0.0555555555556	0.0231481481481	0.0462962962963	0.0324074074074	0.00462962962963	0.0185185185185	0.00925925925926	0	0	0.0185185185185	0.791666666667	
0.0509259259259	0.037037037037	0.0555555555556	0.0277777777778	0.0277777777778	0.0138888888889	0	0.0231481481481	0	0.0138888888889	0.75	
0.101851851852	0.0416666666667	0.0694444444444	0.00925925925926	0.0138888888889	0.00462962962963	0.0138888888889	0.0277777777778	0.00925925925926	0.00462962962963	0.703703703704	
0.0601851851852	0.0509259259259	0.0555555555556	0.0231481481481	0.0185185185185	0.00925925925926	0.00462962962963	0.0138888888889	0.00925925925926	0	0.75462962963	
0.0601851851852	0.0324074074074	0.037037037037	0.0231481481481	0.0231481481481	0.0324074074074	0.00462962962963	0.0277777777778	0.00462962962963	0.00462962962963	0.75	
0.0462962962963	0.0509259259259	0.0416666666667	0.0185185185185	0.0277777777778	0.0185185185185	0	0.0138888888889	0	0.00462962962963	0.777777777778	
0.037037037037	0.0138888888889	0.0648148148148	0.0231481481481	0.0324074074074	0.0185185185185	0.00462962962963	0.00925925925926	0	0.00462962962963	0.791666666667	
0.087962962963	0.0185185185185	0.037037037037	0.00462962962963	0.00925925925926	0.0138888888889	0.0231481481481	0.0185185185185	0	0.00925925925926	0.777777777778	
0.0555555555556	0.0416666666667	0.0555555555556	0.037037037037	0.00925925925926	0.0231481481481	0.00925925925926	0.0277777777778	0.00925925925926	0.00462962962963	0.726851851852	
0.0555555555556	0.037037037037	0.037037037037	0.0324074074074	0.0231481481481	0.0138888888889	0.0277777777778	0.0231481481481	0.00462962962963	0.00462962962963	0.740740740741	
0.0694444444444	0.0555555555556	0.0509259259259	0.0324074074074	0.0231481481481	0.0231481481481	0.0138888888889	0.0138888888889	0.00462962962963	0.00462962962963	0.708333333333	
0.0925925925926	0.0416666666667	0.0416666666667	0.0138888888889	0.00925925925926	0.0138888888889	0.0138888888889	0.00925925925926	0.00462962962963	0.00462962962963	0.75462962963	
0.0787037037037	0.0740740740741	0.0509259259259	0.0324074074074	0	0.00925925925926	0.0324074074074	0.0138888888889	0.00462962962963	0	0.703703703704	
0.0694444444444	0.0416666666667	0.0787037037037	0.0185185185185	0.0185185185185	0.0231481481481	0.0185185185185	0.00462962962963	0.0185185185185	0.00462962962963	0.703703703704	
0.0462962962963	0.0601851851852	0.037037037037	0.00925925925926	0.00925925925926	0.0185185185185	0.0185185185185	0.0231481481481	0	0.00925925925926	0.768518518519	
0.0601851851852	0.0138888888889	0.0555555555556	0.0185185185185	0.0231481481481	0.0462962962963	0.0138888888889	0	0.00462962962963	0.00462962962963	0.759259259259	
0.0787037037037	0.0509259259259	0.0740740740741	0.037037037037	0.00925925925926	0.0324074074074	0.00925925925926	0.0231481481481	0.00462962962963	0.00925925925926	0.671296296296	
0.0972222222222	0.0509259259259	0.0462962962963	0.0138888888889	0.0185185185185	0.0277777777778	0.00462962962963	0.00925925925926	0.00925925925926	0.00925925925926	0.712962962963	
0.0601851851852	0.0462962962963	0.0694444444444	0.0138888888889	0.00462962962963	0.037037037037	0.00462962962963	0	0.00925925925926	0.00462962962963	0.75	
0.0787037037037	0.0509259259259	0.0694444444444	0.0138888888889	0.00462962962963	0.0185185185185	0.0231481481481	0.00925925925926	0.00462962962963	0.00462962962963	0.722222222222	
0.0787037037037	0.0694444444444	0.0555555555556	0.0231481481481	0.00925925925926	0.00925925925926	0.0277777777778	0.0185185185185	0.00925925925926	0.00462962962963	0.694444444444	
0.0601851851852	0.0231481481481	0.0694444444444	0.0277777777778	0.00925925925926	0.0185185185185	0.00925925925926	0.0138888888889	0	0.00925925925926	0.759259259259	
0.0416666666667	0.0555555555556	0.0555555555556	0.0324074074074	0.00462962962963	0.00925925925926	0.00462962962963	0.0231481481481	0	0	0.773148148148	
0.0833333333333	0.00925925925926	0.0462962962963	0.0138888888889	0.00925925925926	0.0138888888889	0.00925925925926	0.00462962962963	0.00462962962963	0.0138888888889	0.791666666667	
0.037037037037	0.0462962962963	0.0324074074074	0.00925925925926	0.0277777777778	0.0138888888889	0.0231481481481	0.0185185185185	0.0138888888889	0	0.777777777778	
0.0601851851852	0.0138888888889	0.037037037037	0.0138888888889	0.0231481481481	0.00925925925926	0	0.0138888888889	0.00925925925926	0.00462962962963	0.814814814815	
0.0648148148148	0.0462962962963	0.0324074074074	0.0277777777778	0.0462962962963	0.0277777777778	0.0138888888889	0.00925925925926	0.00462962962963	0	0.726851851852	
0.0509259259259	0.0277777777778	0.0509259259259	0.0416666666667	0.0185185185185	0.0138888888889	0.0185185185185	0.0138888888889	0	0.00925925925926	0.75462962963	
0.0694444444444	0.0509259259259	0.0462962962963	0.0185185185185	0.00925925925926	0.00462962962963	0.0324074074074	0.0138888888889	0.00462962962963	0.00462962962963	0.74537037037	
0.0648148148148	0.0185185185185	0.0509259259259	0.0277777777778	0.00925925925926	0.00925925925926	0.0138888888889	0.0231481481481	0.00462962962963	0.00925925925926	0.768518518519	
0.0555555555556	0.0231481481481	0.0648148148148	0.0277777777778	0.0185185185185	0.0185185185185	0.0231481481481	0.0185185185185	0.00462962962963	0.0277777777778	0.717592592593	
0.0416666666667	0.0324074074074	0.0416666666667	0.00925925925926	0	0.0231481481481	0.00462962962963	0.0138888888889	0.0138888888889	0.00925925925926	0.810185185185	
0.0740740740741	0.0509259259259	0.0509259259259	0.00925925925926	0.0185185185185	0.00925925925926	0.0185185185185	0.0231481481481	0.00462962962963	0.0138888888889	0.726851851852	
0.087962962963	0.037037037037	0.0555555555556	0.0416666666667	0.0185185185185	0.0185185185185	0.037037037037	0.00925925925926	0	0	0.694444444444	
0.0601851851852	0.0416666666667	0.037037037037	0.00462962962963	0.00925925925926	0.0324074074074	0.00925925925926	0.0231481481481	0.00462962962963	0.00462962962963	0.773148148148	
0.0509259259259	0.037037037037	0.0833333333333	0.0231481481481	0.00925925925926	0.0277777777778	0.0185185185185	0.0185185185185	0.00462962962963	0.00925925925926	0.717592592593	
0.0601851851852	0.037037037037	0.0324074074074	0.0277777777778	0.00462962962963	0.0185185185185	0.00462962962963	0.0324074074074	0.00462962962963	0.00462962962963	0.773148148148	
0.106481481481	0.0324074074074	0.0416666666667	0.0277777777778	0.0138888888889	0.00925925925926	0.0231481481481	0.0185185185185	0.00462962962963	0	0.722222222222	
0.106481481481	0.037037037037	0.0416666666667	0.0231481481481	0.0185185185185	0.0138888888889	0.00462962962963	0	0.00462962962963	0.0138888888889	0.736111111111	
0.0694444444444	0.037037037037	0.0740740740741	0.0231481481481	0.0324074074074	0.00925925925926	0.0231481481481	0.00925925925926	0	0	0.722222222222	
0.0740740740741	0.037037037037	0.0462962962963	0.0324074074074	0.0277777777778	0.0231481481481	0.0231481481481	0.0416666666667	0.0231481481481	0	0.671296296296	
0.0787037037037	0.0277777777778	0.0277777777778	0.0138888888889	0.0231481481481	0.00462962962963	0.0185185185185	0.00925925925926	0.00462962962963	0	0.791666666667	
0.0694444444444	0.0462962962963	0.0555555555556	0.0324074074074	0.0277777777778	0.0324074074074	0.00925925925926	0.0138888888889	0	0.0185185185185	0.694444444444	
0.037037037037	0.0648148148148	0.0324074074074	0.0231481481481	0.0277777777778	0.0277777777778	0.00925925925926	0.00462962962963	0.0185185185185	0	0.75462962963	
0.0509259259259	0.0694444444444	0.0231481481481	0.0231481481481	0.00462962962963	0.0231481481481	0.00925925925926	0.0231481481481	0.00462962962963	0.00462962962963	0.763888888889	
0.0787037037037	0.0231481481481	0.0462962962963	0.0138888888889	0.0231481481481	0.0277777777778	0.00925925925926	0.0185185185185	0.00462962962963	0.00462962962963	0.75	
0.0601851851852	0.0555555555556	0.0416666666667	0.0277777777778	0.0277777777778	0.0185185185185	0.0138888888889	0.00462962962963	0	0.00462962962963	0.74537037037	
0.0462962962963	0.0555555555556	0.0462962962963	0.0231481481481	0.0138888888889	0.00462962962963	0.00462962962963	0.0138888888889	0.00462962962963	0.00925925925926	0.777777777778	
0.0509259259259	0.0277777777778	0.0601851851852	0.00925925925926	0.0185185185185	0.0277777777778	0.0324074074074	0.0138888888889	0.00462962962963	0.00462962962963	0.75	
0.0787037037037	0.0324074074074	0.0648148148148	0.0185185185185	0.0138888888889	0.0231481481481	0.0277777777778	0.00925925925926	0.0185185185185	0.0138888888889	0.699074074074	
0.0740740740741	0.0462962962963	0.0694444444444	0.0231481481481	0.0185185185185	0.00925925925926	0	0.00462962962963	0	0.0138888888889	0.740740740741	
0.0555555555556	0.037037037037	0.0324074074074	0.0138888888889	0.0277777777778	0.00462962962963	0.00925925925926	0.00462962962963	0.00462962962963	0.00462962962963	0.805555555556	
0.0925925925926	0.037037037037	0.0509259259259	0.0324074074074	0.00462962962963	0.0231481481481	0.00462962962963	0	0.00462962962963	0	0.75	
0.00462962962963	0.0509259259259	0.037037037037	0.0277777777778	0.00462962962963	0.0185185185185	0.0231481481481	0.00462962962963	0.00925925925926	0.00925925925926	0.810185185185	
0	0.0416666666667	0.0277777777778	0.0231481481481	0.0185185185185	0.0138888888889	0.0138888888889	0.0138888888889	0.0138888888889	0.00462962962963	0.828703703704	
0.0138888888889	0.0324074074074	0.00462962962963	0.00925925925926	0.0138888888889	0.0324074074074	0.0324074074074	0.0185185185185	0.00462962962963	0	0.837962962963	
0	0	0	0.00925925925926	0.0138888888889	0.0324074074074	0.0185185185185	0.0138888888889	0.00462962962963	0.0138888888889	0.893518518519	
0	0	0.00462962962963	0.0231481481481	0.0138888888889	0.0138888888889	0.00925925925926	0.0138888888889	0.00462962962963	0.00925925925926	0.907407407407	
0.00925925925926	0	0	0.0185185185185	0.0231481481481	0.0231481481481	0.0185185185185	0.0277777777778	0.00462962962963	0.00925925925926	0.865740740741	
0	0	0.00462962962963	0.0138888888889	0.0231481481481	0.0138888888889	0.0138888888889	0.0185185185185	0.00925925925926	0.00462962962963	0.898148148148	
0.00462962962963	0.00462962962963	0.00925925925926	0.0185185185185	0.0277777777778	0.0231481481481	0.00925925925926	0.0324074074074	0.00462962962963	0.00925925925926	0.856481481481	
0.101851851852	0.0648148148148	0.0416666666667	0.0185185185185	0.00462962962963	0.0138888888889	0.0138888888889	0.0138888888889	0.00462962962963	0.0185185185185	0.703703703704	
0.0648148148148	0.0324074074074	0.0416666666667	0.0138888888889	0.0138888888889	0.0231481481481	0.00925925925926	0.00925925925926	0.0138888888889	0.00925925925926	0.768518518519	
0.0787037037037	0.037037037037	0.0277777777778	0.0231481481481	0.0231481481481	0.00925925925926	0.00462962962963	0.00925925925926	0.00925925925926	0	0.777777777778	
0.0462962962963	0.0277777777778	0.0555555555556	0.00462962962963	0.0138888888889	0.0138888888889	0.0138888888889	0.0185185185185	0.0138888888889	0.00925925925926	0.782407407407	
0.115740740741	0.0555555555556	0.0277777777778	0.00925925925926	0.0138888888889	0.00925925925926	0.0185185185185	0.0138888888889	0.00462962962963	0	0.731481481481	
0.0833333333333	0.0509259259259	0.0509259259259	0.0138888888889	0.00925925925926	0.0277777777778	0.0138888888889	0.0185185185185	0.00462962962963	0.00462962962963	0.722222222222	
0.0648148148148	0.037037037037	0.0324074074074	0.0185185185185	0.0185185185185	0.0185185185185	0.0185185185185	0.00925925925926	0.0138888888889	0.00925925925926	0.759259259259	
0.0694444444444	0.0462962962963	0.0462962962963	0.0138888888889	0.0185185185185	0.0324074074074	0	0.0138888888889	0	0	0.759259259259	
0.087962962963	0.0324074074074	0.0601851851852	0.00462962962963	0.0277777777778	0.00925925925926	0.00925925925926	0.0138888888889	0	0.00462962962963	0.75	
0.0601851851852	0.0648148148148	0.0462962962963	0.00462962962963	0.00925925925926	0.0185185185185	0.00925925925926	0.00462962962963	0	0.00462962962963	0.777777777778	
0.0972222222222	0.0462962962963	0.0648148148148	0.0277777777778	0.00925925925926	0.0324074074074	0.00925925925926	0.00925925925926	0.00925925925926	0.00462962962963	0.689814814815	
0.0648148148148	0.0555555555556	0.0416666666667	0.0277777777778	0.0277777777778	0.00462962962963	0.00462962962963	0.0185185185185	0	0.00462962962963	0.75	
0.0694444444444	0.0648148148148	0.0601851851852	0.0138888888889	0.0185185185185	0.0231481481481	0.00462962962963	0.00925925925926	0.00462962962963	0	0.731481481481	
0.0509259259259	0.0324074074074	0.0416666666667	0.0231481481481	0.0277777777778	0.00925925925926	0	0.00925925925926	0.0138888888889	0.00462962962963	0.787037037037	
0.0324074074074	0.0231481481481	0.0740740740741	0.00925925925926	0.0185185185185	0.0138888888889	0.00925925925926	0.00462962962963	0.00462962962963	0.00925925925926	0.800925925926	
0.0787037037037	0.0462962962963	0.0555555555556	0.0185185185185	0.00925925925926	0.0231481481481	0.0138888888889	0.0231481481481	0.00925925925926	0	0.722222222222	
0.101851851852	0.0185185185185	0.0740740740741	0.0277777777778	0.0138888888889	0.037037037037	0.0231481481481	0.00462962962963	0	0.0138888888889	0.685185185185	
0.0833333333333	0.0462962962963	0.0555555555556	0.0185185185185	0.0231481481481	0.00462962962963	0.00925925925926	0.0185185185185	0	0	0.740740740741	
0.0601851851852	0.037037037037	0.0833333333333	0.00925925925926	0.0231481481481	0.0231481481481	0.00925925925926	0.00462962962963	0	0.00925925925926	0.740740740741	
0.0462962962963	0.0555555555556	0.0555555555556	0.0231481481481	0.00925925925926	0.0231481481481	0.0185185185185	0.00462962962963	0	0	0.763888888889	
0.0694444444444	0.0231481481481	0.0925925925926	0.0277777777778	0.0138888888889	0.0231481481481	0.0138888888889	0.0231481481481	0	0.00925925925926	0.703703703704	
0.0601851851852	0.037037037037	0.0416666666667	0.00925925925926	0.0138888888889	0.0138888888889	0.00925925925926	0.0185185185185	0.00925925925926	0.0138888888889	0.773148148148	
0.0648148148148	0.0185185185185	0.037037037037	0.00925925925926	0.0138888888889	0.00925925925926	0.00462962962963	0.037037037037	0.00925925925926	0.00925925925926	0.787037037037	
0.0648148148148	0.0324074074074	0.0555555555556	0.00925925925926	0.0138888888889	0.0138888888889	0.00462962962963	0.00925925925926	0	0.00462962962963	0.791666666667	
0.0601851851852	0.0509259259259	0.0416666666667	0.00925925925926	0.00462962962963	0.0138888888889	0.00462962962963	0.00462962962963	0.00462962962963	0.00925925925926	0.796296296296	
0.0694444444444	0.0509259259259	0.0601851851852	0.0324074074074	0.0138888888889	0.0138888888889	0	0.00462962962963	0.00462962962963	0.00925925925926	0.740740740741	
0.0833333333333	0.0231481481481	0.0324074074074	0.00925925925926	0.0231481481481	0.0138888888889	0.00462962962963	0.0185185185185	0.0185185185185	0.00462962962963	0.768518518519	
0.0694444444444	0.0324074074074	0.0509259259259	0.0185185185185	0.00925925925926	0.0231481481481	0.00925925925926	0.00462962962963	0.0138888888889	0.00462962962963	0.763888888889	
0.0740740740741	0.0462962962963	0.0601851851852	0.0324074074074	0.0185185185185	0.00925925925926	0.0185185185185	0.0277777777778	0.0138888888889	0.00925925925926	0.689814814815	
0.0648148148148	0.0601851851852	0.037037037037	0.0138888888889	0.0138888888889	0.0138888888889	0.00925925925926	0.00462962962963	0.0138888888889	0.00462962962963	0.763888888889	
0.0833333333333	0.0416666666667	0.0648148148148	0.0277777777778	0.0138888888889	0.0231481481481	0.00925925925926	0.0185185185185	0.00462962962963	0	0.712962962963	
0.0509259259259	0.0601851851852	0.0648148148148	0.00925925925926	0.0231481481481	0.0231481481481	0	0.0185185185185	0.00925925925926	0.00462962962963	0.736111111111	
0.0601851851852	0.0648148148148	0.0648148148148	0.0138888888889	0.0277777777778	0.0324074074074	0.0138888888889	0.00462962962963	0.00925925925926	0.0138888888889	0.694444444444	
0.0694444444444	0.0324074074074	0.0648148148148	0.00925925925926	0.00462962962963	0.0185185185185	0.0185185185185	0.00925925925926	0.00462962962963	0.00925925925926	0.759259259259	
0.0648148148148	0.037037037037	0.0509259259259	0.0277777777778	0.0138888888889	0.0277777777778	0.0231481481481	0.00925925925926	0.00462962962963	0.00462962962963	0.736111111111	
0.0694444444444	0.0416666666667	0.087962962963	0.0185185185185	0.0185185185185	0.0231481481481	0.00462962962963	0.00462962962963	0.00925925925926	0	0.722222222222	
0.0509259259259	0.0509259259259	0.0740740740741	0.037037037037	0.00462962962963	0.0185185185185	0.00462962962963	0.00925925925926	0	0.00925925925926	0.740740740741	
0.0601851851852	0.0277777777778	0.0787037037037	0.0231481481481	0.0185185185185	0.00462962962963	0.0138888888889	0.00462962962963	0.00925925925926	0	0.759259259259	
0.0416666666667	0.0324074074074	0.0509259259259	0.0185185185185	0.0185185185185	0.0185185185185	0.0138888888889	0.00462962962963	0.0185185185185	0.00462962962963	0.777777777778	
0.037037037037	0.0555555555556	0.0138888888889	0.0185185185185	0.0138888888889	0.00462962962963	0.0231481481481	0.00462962962963	0.00462962962963	0.00925925925926	0.814814814815	
0.0555555555556	0.037037037037	0.0509259259259	0.00462962962963	0.00925925925926	0.037037037037	0.00462962962963	0.0185185185185	0	0.00462962962963	0.777777777778	
0.0555555555556	0.0324074074074	0.0138888888889	0.0185185185185	0.0277777777778	0.0185185185185	0.00462962962963	0	0	0.00462962962963	0.824074074074	
0.0925925925926	0.037037037037	0.0416666666667	0.0138888888889	0.0231481481481	0.0231481481481	0.0185185185185	0.0185185185185	0.0185185185185	0.00462962962963	0.708333333333	
0.0509259259259	0.0416666666667	0.0509259259259	0.0231481481481	0.0231481481481	0.00925925925926	0.0185185185185	0.00925925925926	0.0138888888889	0	0.759259259259	
0.0740740740741	0.0601851851852	0.0601851851852	0.0277777777778	0.0138888888889	0.00925925925926	0.00925925925926	0.00462962962963	0	0.00925925925926	0.731481481481	
0.0740740740741	0.00925925925926	0.0833333333333	0.0231481481481	0.0138888888889	0.0416666666667	0.0231481481481	0.00462962962963	0.00925925925926	0.00925925925926	0.708333333333	
0.037037037037	0.037037037037	0.0324074074074	0.0138888888889	0.0138888888889	0.00462962962963	0.00462962962963	0.037037037037	0.0185185185185	0.0231481481481	0.777777777778	
0.0555555555556	0.0324074074074	0.0509259259259	0.0138888888889	0.0138888888889	0.0185185185185	0.00925925925926	0.0231481481481	0	0	0.782407407407	
0.0416666666667	0.037037037037	0.037037037037	0.0231481481481	0.0231481481481	0.00462962962963	0.0138888888889	0.0231481481481	0.0185185185185	0	0.777777777778	
0.0555555555556	0.0555555555556	0.0231481481481	0.00925925925926	0.0138888888889	0.0277777777778	0.0138888888889	0.0185185185185	0.00925925925926	0.00462962962963	0.768518518519	
0.0601851851852	0.0462962962963	0.037037037037	0.037037037037	0.0138888888889	0.0138888888889	0.00925925925926	0.00925925925926	0	0.00462962962963	0.768518518519	
0.0462962962963	0.0185185185185	0.037037037037	0.0277777777778	0.0185185185185	0.0231481481481	0.00462962962963	0.0277777777778	0.00925925925926	0.0138888888889	0.773148148148	
0.0601851851852	0.0231481481481	0.0462962962963	0.00925925925926	0.00462962962963	0.0277777777778	0.0185185185185	0.0138888888889	0	0.00462962962963	0.791666666667	
0.0694444444444	0.0462962962963	0.0509259259259	0.00925925925926	0.0185185185185	0.0185185185185	0.00462962962963	0.00462962962963	0.00462962962963	0	0.773148148148	
0.0509259259259	0.037037037037	0.0555555555556	0.0138888888889	0.00925925925926	0.0185185185185	0.00462962962963	0.00462962962963	0	0	0.805555555556	
0.0694444444444	0.037037037037	0.0231481481481	0.037037037037	0.0138888888889	0.0138888888889	0.0185185185185	0.00462962962963	0.00925925925926	0.0138888888889	0.759259259259	
0.0833333333333	0.0138888888889	0.0555555555556	0.0138888888889	0	0.0231481481481	0.00925925925926	0.0324074074074	0.00462962962963	0	0.763888888889	
0.0787037037037	0.0324074074074	0.0601851851852	0.0185185185185	0.0185185185185	0.0231481481481	0	0.00925925925926	0.00462962962963	0	0.75462962963	
0.106481481481	0.0509259259259	0.0324074074074	0.0138888888889	0.00462962962963	0.00462962962963	0.00925925925926	0.0138888888889	0.00462962962963	0.0138888888889	0.74537037037	
0.0601851851852	0.0601851851852	0.0555555555556	0.0185185185185	0.00925925925926	0.0138888888889	0.0277777777778	0.00925925925926	0	0	0.74537037037	
0.0833333333333	0.0185185185185	0.037037037037	0	0.0185185185185	0.0277777777778	0.00925925925926	0.00925925925926	0	0.00462962962963	0.791666666667	
0.0694444444444	0.0138888888889	0.0324074074074	0.0324074074074	0.00925925925926	0.0185185185185	0.0231481481481	0.00925925925926	0	0.00462962962963	0.787037037037	
0.0833333333333	0.0462962962963	0.0509259259259	0.0185185185185	0.00925925925926	0.0138888888889	0.00925925925926	0.0231481481481	0	0.00462962962963	0.740740740741	
0.0648148148148	0.0509259259259	0.0462962962963	0.0138888888889	0.0231481481481	0.0185185185185	0.00925925925926	0.00462962962963	0.00925925925926	0.00925925925926	0.75	
0.0555555555556	0.0416666666667	0.0324074074074	0.00462962962963	0.0138888888889	0.0138888888889	0.0138888888889	0.0138888888889	0.00925925925926	0.0231481481481	0.777777777778	
0.087962962963	0.0462962962963	0.037037037037	0.0277777777778	0.00925925925926	0.00462962962963	0.0185185185185	0.00925925925926	0.00925925925926	0	0.75	
0.0601851851852	0.0231481481481	0.0694444444444	0.0324074074074	0.00925925925926	0.0185185185185	0.0231481481481	0.0231481481481	0.00462962962963	0	0.736111111111	
0.0972222222222	0.0416666666667	0.0648148148148	0.0185185185185	0.0185185185185	0.0324074074074	0.0138888888889	0.00925925925926	0.00925925925926	0.0138888888889	0.680555555556	
0.0740740740741	0.0416666666667	0.037037037037	0.0185185185185	0.0185185185185	0.0277777777778	0.00925925925926	0.0138888888889	0.0138888888889	0.0138888888889	0.731481481481	
0.0972222222222	0.0555555555556	0.0324074074074	0.0185185185185	0.00462962962963	0.0277777777778	0.00462962962963	0.00462962962963	0.00462962962963	0	0.75	
0.0509259259259	0.0231481481481	0.0509259259259	0.0324074074074	0.0138888888889	0.00925925925926	0.00462962962963	0.0324074074074	0.00925925925926	0.00462962962963	0.768518518519	
0.0601851851852	0.0231481481481	0.0462962962963	0.0138888888889	0.0231481481481	0.0138888888889	0.0231481481481	0.0185185185185	0.00925925925926	0.00462962962963	0.763888888889	
0.0416666666667	0.0509259259259	0.0462962962963	0.00925925925926	0.0185185185185	0.0231481481481	0.0138888888889	0.0185185185185	0.0138888888889	0.0138888888889	0.75	
0.12037037037	0.037037037037	0.0555555555556	0.0185185185185	0.0185185185185	0.00925925925926	0.00925925925926	0.0324074074074	0	0.00925925925926	0.689814814815	
0.0555555555556	0.037037037037	0.0509259259259	0.0138888888889	0.0185185185185	0.0324074074074	0.00462962962963	0.0138888888889	0.0185185185185	0.0185185185185	0.736111111111	
0.087962962963	0.0277777777778	0.037037037037	0.037037037037	0.0231481481481	0.00925925925926	0.00925925925926	0.0277777777778	0	0.0138888888889	0.726851851852	
0.0694444444444	0.0462962962963	0.0416666666667	0.0324074074074	0.00925925925926	0.0231481481481	0.0138888888889	0.0138888888889	0	0.00925925925926	0.740740740741	
0.0462962962963	0.0416666666667	0.0648148148148	0.0185185185185	0.00462962962963	0.0231481481481	0.0185185185185	0.0138888888889	0.00462962962963	0	0.763888888889	
0.0462962962963	0.0138888888889	0.0324074074074	0.0138888888889	0.0185185185185	0.0185185185185	0.00462962962963	0.00462962962963	0.00462962962963	0.0185185185185	0.824074074074	
0.0509259259259	0.0462962962963	0.037037037037	0.037037037037	0	0.0185185185185	0.00462962962963	0.00462962962963	0.00462962962963	0	0.796296296296	
0.0833333333333	0.037037037037	0.037037037037	0.037037037037	0.00925925925926	0.0324074074074	0.0138888888889	0.00462962962963	0	0.00462962962963	0.740740740741	
0.0509259259259	0.0509259259259	0.0648148148148	0.0185185185185	0.0185185185185	0.0185185185185	0.0231481481481	0.0138888888889	0.00462962962963	0.00462962962963	0.731481481481	
0.0462962962963	0.0509259259259	0.0509259259259	0.0231481481481	0.00925925925926	0.0185185185185	0	0.0185185185185	0	0.00925925925926	0.773148148148	
0.0601851851852	0.037037037037	0.0509259259259	0.0231481481481	0.0277777777778	0.0185185185185	0.00925925925926	0.00462962962963	0.0138888888889	0.00925925925926	0.74537037037	
0.037037037037	0.0509259259259	0.0555555555556	0.0324074074074	0	0.00925925925926	0.00462962962963	0.00462962962963	0.00925925925926	0.00925925925926	0.787037037037	
0.0462962962963	0.0601851851852	0.0601851851852	0.0138888888889	0.0138888888889	0.0277777777778	0.00925925925926	0.00925925925926	0	0.00462962962963	0.75462962963	
0.0694444444444	0.0462962962963	0.037037037037	0.0138888888889	0.0231481481481	0.0231481481481	0.0138888888889	0.0277777777778	0	0.00925925925926	0.736111111111	
0.0555555555556	0.0509259259259	0.0555555555556	0.00925925925926	0.00462962962963	0.00925925925926	0.00462962962963	0.0231481481481	0.0231481481481	0.00925925925926	0.75462962963	
0.0694444444444	0.0277777777778	0.037037037037	0.0462962962963	0.0277777777778	0.0324074074074	0.00925925925926	0.0231481481481	0.00925925925926	0	0.717592592593	
0.0787037037037	0.0833333333333	0.0509259259259	0.0138888888889	0.00925925925926	0.0416666666667	0.00925925925926	0.00925925925926	0.00462962962963	0	0.699074074074	
0.0509259259259	0.0509259259259	0.037037037037	0.0277777777778	0.00925925925926	0.0185185185185	0.00462962962963	0.0231481481481	0.00462962962963	0	0.773148148148	
0.101851851852	0.0509259259259	0.0416666666667	0.0185185185185	0.0185185185185	0.00925925925926	0.00462962962963	0.00925925925926	0.00925925925926	0.00462962962963	0.731481481481	
0.0833333333333	0.0277777777778	0.0555555555556	0.0185185185185	0.0138888888889	0.0138888888889	0.00925925925926	0.00925925925926	0.00462962962963	0	0.763888888889	
0.0694444444444	0.0277777777778	0.0231481481481	0.0324074074074	0.00925925925926	0.0231481481481	0	0.0138888888889	0.00462962962963	0.00925925925926	0.787037037037	
0.0509259259259	0.0324074074074	0.0648148148148	0.0138888888889	0.0185185185185	0.0277777777778	0.0138888888889	0	0.00462962962963	0.00462962962963	0.768518518519	
0.0925925925926	0.037037037037	0.0787037037037	0.00925925925926	0.0138888888889	0.0231481481481	0.0138888888889	0	0.00925925925926	0.0138888888889	0.708333333333	
0.0509259259259	0.0509259259259	0.0416666666667	0.0277777777778	0.0231481481481	0.0138888888889	0.0138888888889	0.0138888888889	0	0.0138888888889	0.75	
0.0601851851852	0.037037037037	0.0231481481481	0.00925925925926	0.0185185185185	0.0277777777778	0.0138888888889	0.0138888888889	0.00462962962963	0.0185185185185	0.773148148148	
0.0925925925926	0.0509259259259	0.0555555555556	0.0138888888889	0.00462962962963	0.0231481481481	0.0138888888889	0.00925925925926	0.00462962962963	0.00925925925926	0.722222222222	
0.087962962963	0.037037037037	0.0555555555556	0.0185185185185	0.0138888888889	0.0231481481481	0.00462962962963	0.00462962962963	0	0.00462962962963	0.75	
0.0601851851852	0.0324074074074	0.0416666666667	0.0509259259259	0.0138888888889	0.0138888888889	0.0185185185185	0.00925925925926	0	0.00462962962963	0.75462962963	
0.0694444444444	0.037037037037	0.0787037037037	0.0138888888889	0.0185185185185	0.0185185185185	0.0138888888889	0.00462962962963	0.00925925925926	0.0138888888889	0.722222222222	
0.101851851852	0.0555555555556	0.0509259259259	0.00925925925926	0.00925925925926	0.0231481481481	0	0.00925925925926	0.0138888888889	0.0138888888889	0.712962962963	
0.0416666666667	0.0138888888889	0.0601851851852	0.0138888888889	0	0.0231481481481	0.00925925925926	0.0231481481481	0.00462962962963	0.0185185185185	0.791666666667	
0.0601851851852	0.0277777777778	0.0509259259259	0.0138888888889	0.0231481481481	0.0277777777778	0.00462962962963	0.0138888888889	0.00925925925926	0	0.768518518519	
0.0462962962963	0.0416666666667	0.0509259259259	0.0231481481481	0.0185185185185	0.0277777777778	0.0138888888889	0.00462962962963	0	0	0.773148148148	
0.0509259259259	0.0231481481481	0.0555555555556	0.0231481481481	0.0138888888889	0.0324074074074	0.00925925925926	0	0	0	0.791666666667	
0.0462962962963	0.0694444444444	0.0462962962963	0.0324074074074	0.0185185185185	0.0277777777778	0.00462962962963	0	0.00462962962963	0	0.75	
0.0555555555556	0.0324074074074	0.0509259259259	0.0277777777778	0.0185185185185	0.0416666666667	0.0277777777778	0.00925925925926	0	0.00925925925926	0.726851851852	
0.0555555555556	0.0509259259259	0.037037037037	0.0231481481481	0.00462962962963	0.0138888888889	0.0185185185185	0.0138888888889	0.00925925925926	0.00925925925926	0.763888888889	
0.0648148148148	0.0324074074074	0.0462962962963	0.00925925925926	0.00462962962963	0.0324074074074	0.0231481481481	0.0138888888889	0	0.00925925925926	0.763888888889	
0.0694444444444	0.0324074074074	0.0324074074074	0.0231481481481	0.00925925925926	0	0.0185185185185	0.00925925925926	0	0.00462962962963	0.800925925926	
