0.0333333333333	0.0619047619048	0.0238095238095	0.0142857142857	0.0285714285714	0.0571428571429	0.0190476190476	0.0047619047619	0	0	0.757142857143	
0.0333333333333	0.0666666666667	0.00952380952381	0.00952380952381	0.0238095238095	0.0190476190476	0.0142857142857	0.0047619047619	0.0142857142857	0.0142857142857	0.790476190476	
0.052380952381	0.052380952381	0.047619047619	0.0047619047619	0.047619047619	0.052380952381	0.0047619047619	0	0.00952380952381	0	0.728571428571	
0.0619047619048	0.0619047619048	0.052380952381	0	0.0285714285714	0.0047619047619	0.00952380952381	0.00952380952381	0.00952380952381	0.00952380952381	0.752380952381	
0.0380952380952	0.0428571428571	0.0238095238095	0.0190476190476	0.0142857142857	0.00952380952381	0.0190476190476	0.0142857142857	0.0047619047619	0.0047619047619	0.809523809524	
0.0666666666667	0.0380952380952	0.0571428571429	0.00952380952381	0.0190476190476	0.0190476190476	0.0142857142857	0.00952380952381	0.0142857142857	0	0.752380952381	
0.0428571428571	0.0285714285714	0.052380952381	0	0.0238095238095	0.0619047619048	0.0238095238095	0.0142857142857	0.00952380952381	0	0.742857142857	
0.047619047619	0.0380952380952	0.052380952381	0.00952380952381	0.0333333333333	0.0190476190476	0.0142857142857	0.0142857142857	0.00952380952381	0.00952380952381	0.752380952381	
0.0142857142857	0.052380952381	0.0428571428571	0.0047619047619	0.0333333333333	0.0190476190476	0.0142857142857	0.00952380952381	0.00952380952381	0.00952380952381	0.790476190476	
0.0428571428571	0.052380952381	0.052380952381	0.0142857142857	0.0142857142857	0.0238095238095	0.0142857142857	0.0047619047619	0.0047619047619	0.0047619047619	0.771428571429	
0.0238095238095	0.0333333333333	0.0285714285714	0.0142857142857	0.0190476190476	0.00952380952381	0.0285714285714	0.0142857142857	0.0190476190476	0	0.809523809524	
0.0238095238095	0.047619047619	0.0571428571429	0.0142857142857	0.0190476190476	0.0142857142857	0.0285714285714	0.00952380952381	0.0142857142857	0	0.771428571429	
0.0380952380952	0.0333333333333	0.047619047619	0.0190476190476	0.00952380952381	0.0047619047619	0.0238095238095	0.00952380952381	0.0190476190476	0.00952380952381	0.785714285714	
0.047619047619	0.052380952381	0.052380952381	0.00952380952381	0.00952380952381	0.0380952380952	0.00952380952381	0.0142857142857	0.0190476190476	0	0.747619047619	
0.047619047619	0.0571428571429	0.0571428571429	0.0238095238095	0.0190476190476	0.0238095238095	0.0238095238095	0.0142857142857	0.0047619047619	0.00952380952381	0.719047619048	
0.0619047619048	0.0333333333333	0.0428571428571	0.0142857142857	0.0380952380952	0.0238095238095	0.0047619047619	0	0.0190476190476	0	0.761904761905	
0.0619047619048	0.047619047619	0.0142857142857	0.0285714285714	0.0333333333333	0.0142857142857	0	0	0.00952380952381	0.0047619047619	0.785714285714	
0.0571428571429	0.0285714285714	0.1	0.0190476190476	0.0285714285714	0.0238095238095	0.00952380952381	0.0142857142857	0.0190476190476	0.0047619047619	0.695238095238	
0.0285714285714	0.0190476190476	0.0714285714286	0.00952380952381	0.0238095238095	0.0238095238095	0.0047619047619	0.0142857142857	0.0238095238095	0.00952380952381	0.771428571429	
0.0238095238095	0.0380952380952	0.0857142857143	0.0047619047619	0.0142857142857	0.0047619047619	0.0142857142857	0	0.0047619047619	0.0047619047619	0.804761904762	
0.0285714285714	0.0380952380952	0.047619047619	0.00952380952381	0.00952380952381	0.0333333333333	0.0190476190476	0.0047619047619	0.00952380952381	0	0.8	
0.0238095238095	0.0428571428571	0.0333333333333	0.00952380952381	0.0238095238095	0.0238095238095	0.047619047619	0.0047619047619	0.00952380952381	0	0.780952380952	
0.052380952381	0.047619047619	0.0285714285714	0.0238095238095	0.0428571428571	0.0238095238095	0.0285714285714	0.0190476190476	0.0238095238095	0	0.709523809524	
0.047619047619	0.0285714285714	0.0619047619048	0.0142857142857	0.0142857142857	0.0047619047619	0.0238095238095	0.0142857142857	0.00952380952381	0.0047619047619	0.77619047619	
0.052380952381	0.0285714285714	0.052380952381	0.0142857142857	0.0285714285714	0.0285714285714	0.00952380952381	0	0.00952380952381	0.00952380952381	0.766666666667	
0.0285714285714	0.047619047619	0.047619047619	0.0142857142857	0.0238095238095	0.0238095238095	0.0047619047619	0.00952380952381	0.0047619047619	0	0.795238095238	
0.0333333333333	0.0428571428571	0.052380952381	0.00952380952381	0.0238095238095	0.0285714285714	0.0047619047619	0	0.0142857142857	0.00952380952381	0.780952380952	
0.0666666666667	0.0380952380952	0.0380952380952	0.0190476190476	0.0142857142857	0.0142857142857	0.0047619047619	0.00952380952381	0.0142857142857	0.0047619047619	0.77619047619	
0.0428571428571	0.0380952380952	0.0285714285714	0	0.0428571428571	0.0190476190476	0.00952380952381	0.00952380952381	0.0190476190476	0	0.790476190476	
0.0428571428571	0.0333333333333	0.0619047619048	0.0238095238095	0.0285714285714	0.0142857142857	0.0190476190476	0.0047619047619	0.00952380952381	0	0.761904761905	
0.0619047619048	0.0380952380952	0.0285714285714	0.00952380952381	0.0333333333333	0.0333333333333	0.0047619047619	0.00952380952381	0.00952380952381	0.00952380952381	0.761904761905	
0.0380952380952	0.0333333333333	0.0666666666667	0.00952380952381	0.0238095238095	0.0333333333333	0.0142857142857	0.00952380952381	0.00952380952381	0.0047619047619	0.757142857143	
0.0285714285714	0.0333333333333	0.0428571428571	0.0285714285714	0.0190476190476	0.0238095238095	0.00952380952381	0	0.0142857142857	0.0142857142857	0.785714285714	
0.0142857142857	0.0428571428571	0.0571428571429	0.00952380952381	0.0190476190476	0.0238095238095	0.0190476190476	0.0190476190476	0.00952380952381	0	0.785714285714	
0.0333333333333	0.0428571428571	0.0285714285714	0.0142857142857	0.0190476190476	0.0285714285714	0.0190476190476	0.00952380952381	0.0142857142857	0	0.790476190476	
0.0285714285714	0.0428571428571	0.0428571428571	0.0047619047619	0.0380952380952	0.00952380952381	0.0142857142857	0.0047619047619	0.0142857142857	0.0047619047619	0.795238095238	
0.0333333333333	0.0666666666667	0.0666666666667	0.00952380952381	0.0142857142857	0.0190476190476	0.0285714285714	0.00952380952381	0.0190476190476	0.0047619047619	0.728571428571	
0.0285714285714	0.047619047619	0.0333333333333	0	0.0142857142857	0.0238095238095	0.00952380952381	0.0142857142857	0.00952380952381	0.00952380952381	0.809523809524	
0.0571428571429	0.0571428571429	0.0380952380952	0.0238095238095	0.00952380952381	0.0285714285714	0.0142857142857	0.0238095238095	0.00952380952381	0.0047619047619	0.733333333333	
0.047619047619	0.047619047619	0.0285714285714	0	0.0238095238095	0.0333333333333	0.0142857142857	0.0047619047619	0.0047619047619	0	0.795238095238	
0.0761904761905	0.0380952380952	0.0285714285714	0.0142857142857	0.0285714285714	0.0380952380952	0.0142857142857	0.0142857142857	0.0238095238095	0.0047619047619	0.719047619048	
0.0428571428571	0.0333333333333	0.052380952381	0.0190476190476	0.0285714285714	0.0190476190476	0.0190476190476	0.0190476190476	0.00952380952381	0.0047619047619	0.752380952381	
0.0333333333333	0.0571428571429	0.0333333333333	0.0190476190476	0.0238095238095	0.047619047619	0.0047619047619	0	0.0238095238095	0	0.757142857143	
0.0380952380952	0.047619047619	0.047619047619	0.00952380952381	0.0238095238095	0.0285714285714	0.0142857142857	0.0047619047619	0.0142857142857	0.0047619047619	0.766666666667	
0.047619047619	0.0428571428571	0.0619047619048	0.00952380952381	0.0380952380952	0.047619047619	0.00952380952381	0.0047619047619	0.00952380952381	0.00952380952381	0.719047619048	
0.0333333333333	0.0666666666667	0.0285714285714	0.0047619047619	0.0190476190476	0.0238095238095	0.0142857142857	0.00952380952381	0.0190476190476	0.0047619047619	0.77619047619	
0.0428571428571	0.0047619047619	0.0666666666667	0.0047619047619	0.00952380952381	0.0333333333333	0.0142857142857	0.00952380952381	0.0238095238095	0	0.790476190476	
0.047619047619	0.052380952381	0.0714285714286	0.0190476190476	0.0190476190476	0.0238095238095	0.0047619047619	0.0142857142857	0.0238095238095	0	0.72380952381	
0.0571428571429	0.047619047619	0.0333333333333	0.00952380952381	0.0190476190476	0.0238095238095	0.0190476190476	0.0047619047619	0.0380952380952	0.00952380952381	0.738095238095	
0.0619047619048	0.0238095238095	0.052380952381	0.0142857142857	0.0142857142857	0.0333333333333	0	0	0.00952380952381	0.0142857142857	0.77619047619	
0.0714285714286	0.0333333333333	0.0380952380952	0	0.0190476190476	0.0238095238095	0.00952380952381	0.0238095238095	0.0047619047619	0.0190476190476	0.757142857143	
0.0380952380952	0.0285714285714	0.0619047619048	0.0142857142857	0.0238095238095	0.0380952380952	0.0142857142857	0.0047619047619	0	0.0047619047619	0.771428571429	
0.0571428571429	0.0333333333333	0.047619047619	0.0190476190476	0.0428571428571	0.0380952380952	0.0142857142857	0	0.0047619047619	0.0142857142857	0.728571428571	
0.0285714285714	0.0571428571429	0.047619047619	0.00952380952381	0.0380952380952	0.0190476190476	0.0190476190476	0.00952380952381	0.00952380952381	0	0.761904761905	
0.052380952381	0.0380952380952	0.0571428571429	0.00952380952381	0.00952380952381	0.0285714285714	0.0142857142857	0	0.0047619047619	0.00952380952381	0.77619047619	
0.047619047619	0.0190476190476	0.0380952380952	0.0142857142857	0.0285714285714	0.0190476190476	0.0190476190476	0.00952380952381	0.00952380952381	0.0047619047619	0.790476190476	
0.052380952381	0.0333333333333	0.0761904761905	0	0.0142857142857	0.0285714285714	0.0142857142857	0.00952380952381	0.00952380952381	0.0142857142857	0.747619047619	
0.0238095238095	0.0333333333333	0.047619047619	0.0142857142857	0.00952380952381	0.0142857142857	0.00952380952381	0.00952380952381	0.0238095238095	0.0047619047619	0.809523809524	
0.0380952380952	0.0428571428571	0.0333333333333	0.0047619047619	0.0619047619048	0.0285714285714	0.00952380952381	0	0.0142857142857	0	0.766666666667	
0.0238095238095	0.0380952380952	0.0333333333333	0.00952380952381	0.0333333333333	0.0190476190476	0.0142857142857	0.0190476190476	0	0.00952380952381	0.8	
0.0333333333333	0.0380952380952	0.0809523809524	0.0190476190476	0.0142857142857	0.0142857142857	0.00952380952381	0.00952380952381	0.0047619047619	0.0047619047619	0.771428571429	
0.0571428571429	0.0285714285714	0.052380952381	0.0142857142857	0.0285714285714	0.0571428571429	0.0142857142857	0.0047619047619	0.00952380952381	0.0047619047619	0.728571428571	
0.047619047619	0.0285714285714	0.052380952381	0.0142857142857	0.0142857142857	0.0380952380952	0.0047619047619	0	0.0047619047619	0.0142857142857	0.780952380952	
0.0333333333333	0.0571428571429	0.0428571428571	0.0190476190476	0.0190476190476	0.0047619047619	0.00952380952381	0.0142857142857	0.00952380952381	0.00952380952381	0.780952380952	
0.0238095238095	0.0142857142857	0.047619047619	0.0190476190476	0.0333333333333	0.0285714285714	0.0047619047619	0.0190476190476	0.0238095238095	0.0047619047619	0.780952380952	
0.052380952381	0.0571428571429	0.0285714285714	0	0.0428571428571	0.0190476190476	0.0142857142857	0.0142857142857	0.0047619047619	0.0047619047619	0.761904761905	
0.0380952380952	0.0238095238095	0.0809523809524	0.0238095238095	0.0285714285714	0.0238095238095	0.0142857142857	0.00952380952381	0.0190476190476	0	0.738095238095	
0.047619047619	0.047619047619	0.052380952381	0.0142857142857	0.0380952380952	0.0142857142857	0.0238095238095	0.0142857142857	0.0190476190476	0	0.728571428571	
0.0285714285714	0.0428571428571	0.0380952380952	0.00952380952381	0.0238095238095	0.0285714285714	0.0047619047619	0.0047619047619	0.00952380952381	0.00952380952381	0.8	
0.047619047619	0.0428571428571	0.0380952380952	0.00952380952381	0.0380952380952	0.0047619047619	0.0142857142857	0.0047619047619	0.0190476190476	0.00952380952381	0.771428571429	
0.047619047619	0.052380952381	0.0619047619048	0.0142857142857	0.0285714285714	0.0142857142857	0.00952380952381	0.00952380952381	0.00952380952381	0	0.752380952381	
0.047619047619	0.0238095238095	0.0380952380952	0.0142857142857	0.0142857142857	0.0190476190476	0.0142857142857	0.0238095238095	0.0142857142857	0.0047619047619	0.785714285714	
0.0333333333333	0.0380952380952	0.052380952381	0.0190476190476	0.0380952380952	0.00952380952381	0.0190476190476	0.0142857142857	0.0190476190476	0	0.757142857143	
0.0238095238095	0.0238095238095	0.0571428571429	0.0142857142857	0.0142857142857	0.00952380952381	0.00952380952381	0.00952380952381	0.00952380952381	0.00952380952381	0.819047619048	
0.0142857142857	0.0142857142857	0.0285714285714	0.0238095238095	0.0238095238095	0.0333333333333	0.0142857142857	0	0.0047619047619	0.0047619047619	0.838095238095	
0.047619047619	0.052380952381	0.047619047619	0.0142857142857	0.0142857142857	0.0238095238095	0.0047619047619	0.0142857142857	0.00952380952381	0	0.771428571429	
0.0333333333333	0.0238095238095	0.0333333333333	0.0190476190476	0.0238095238095	0.0238095238095	0.0238095238095	0.0047619047619	0.0047619047619	0.0047619047619	0.804761904762	
0.0380952380952	0.047619047619	0.047619047619	0.0190476190476	0.0285714285714	0.0333333333333	0.0190476190476	0.00952380952381	0.0142857142857	0.0190476190476	0.72380952381	
0.0190476190476	0.052380952381	0.0428571428571	0	0.0285714285714	0.0333333333333	0.0238095238095	0.0047619047619	0.00952380952381	0	0.785714285714	
0.0380952380952	0.0428571428571	0.047619047619	0	0.0190476190476	0.0238095238095	0.0285714285714	0.0190476190476	0.0047619047619	0.0047619047619	0.771428571429	
0.052380952381	0.0333333333333	0.047619047619	0.0142857142857	0.0380952380952	0.0142857142857	0.00952380952381	0	0	0	0.790476190476	
0.047619047619	0.0714285714286	0.0619047619048	0.0047619047619	0.0333333333333	0.0190476190476	0.0190476190476	0.0142857142857	0.0142857142857	0.0047619047619	0.709523809524	
0.0761904761905	0.0333333333333	0.0666666666667	0.0190476190476	0.047619047619	0.0238095238095	0.0190476190476	0.0142857142857	0.0047619047619	0	0.695238095238	
0.0238095238095	0.0238095238095	0.047619047619	0.0142857142857	0.0190476190476	0.0142857142857	0.0142857142857	0.0047619047619	0.0047619047619	0.0047619047619	0.828571428571	
0.0238095238095	0.052380952381	0.0428571428571	0.00952380952381	0.0047619047619	0.0190476190476	0.0285714285714	0.0047619047619	0.0047619047619	0.0047619047619	0.804761904762	
0.0571428571429	0.047619047619	0.0619047619048	0.00952380952381	0.00952380952381	0.0190476190476	0.0190476190476	0.0047619047619	0.00952380952381	0.00952380952381	0.752380952381	
0.0428571428571	0.0333333333333	0.047619047619	0.0238095238095	0.0142857142857	0.0190476190476	0.0142857142857	0	0.0047619047619	0.0142857142857	0.785714285714	
0.0380952380952	0.0238095238095	0.052380952381	0.00952380952381	0.0333333333333	0.0285714285714	0.0190476190476	0.0142857142857	0	0.00952380952381	0.771428571429	
0.0333333333333	0.0428571428571	0.047619047619	0.0142857142857	0.0238095238095	0.0333333333333	0.0142857142857	0.0047619047619	0.0142857142857	0.0047619047619	0.766666666667	
0.0714285714286	0.0285714285714	0.0380952380952	0.0190476190476	0.0333333333333	0.0142857142857	0.0190476190476	0.0190476190476	0.0047619047619	0.00952380952381	0.742857142857	
0.052380952381	0.0285714285714	0.0619047619048	0.0047619047619	0.0190476190476	0.0380952380952	0.00952380952381	0	0.0238095238095	0.0047619047619	0.757142857143	
0.0285714285714	0.0238095238095	0.047619047619	0.00952380952381	0.0380952380952	0.0380952380952	0.0142857142857	0	0.00952380952381	0	0.790476190476	
0.0190476190476	0.0142857142857	0.0190476190476	0.0190476190476	0.0047619047619	0.0285714285714	0.00952380952381	0.0142857142857	0.0190476190476	0.00952380952381	0.842857142857	
0.0428571428571	0.0333333333333	0.0761904761905	0.0047619047619	0.00952380952381	0.0333333333333	0.00952380952381	0	0.0380952380952	0.00952380952381	0.742857142857	
0.0285714285714	0.052380952381	0.0571428571429	0.0047619047619	0.00952380952381	0.0142857142857	0.0142857142857	0.0142857142857	0.00952380952381	0.0047619047619	0.790476190476	
0.0571428571429	0.047619047619	0.0571428571429	0.0142857142857	0.0190476190476	0.0047619047619	0.0238095238095	0.0142857142857	0.0142857142857	0.0047619047619	0.742857142857	
0.0380952380952	0.047619047619	0.0619047619048	0.0190476190476	0.0333333333333	0.0190476190476	0.0190476190476	0.0047619047619	0.00952380952381	0.0047619047619	0.742857142857	
0.0428571428571	0.0428571428571	0.047619047619	0.0047619047619	0.0238095238095	0.0238095238095	0.00952380952381	0	0.0285714285714	0.0047619047619	0.771428571429	
0.0333333333333	0.0380952380952	0.0571428571429	0.00952380952381	0.0190476190476	0.0142857142857	0.0190476190476	0.00952380952381	0.0238095238095	0.0047619047619	0.771428571429	
0.047619047619	0.0238095238095	0.0380952380952	0	0.0285714285714	0.0285714285714	0.0380952380952	0.00952380952381	0.00952380952381	0.00952380952381	0.766666666667	
0.0190476190476	0.052380952381	0.0571428571429	0.0142857142857	0.0190476190476	0.0333333333333	0.0333333333333	0.00952380952381	0.00952380952381	0	0.752380952381	
0.0285714285714	0.047619047619	0.052380952381	0	0.0285714285714	0.0238095238095	0.0190476190476	0	0.0190476190476	0.0047619047619	0.77619047619	
0.0142857142857	0.047619047619	0.052380952381	0.0047619047619	0.00952380952381	0.0190476190476	0.00952380952381	0.0047619047619	0.00952380952381	0.0047619047619	0.82380952381	
0.0238095238095	0.052380952381	0.0571428571429	0.00952380952381	0.0190476190476	0.00952380952381	0.0142857142857	0.0142857142857	0.0142857142857	0.0047619047619	0.780952380952	
0.0380952380952	0.0666666666667	0.0571428571429	0.00952380952381	0.0238095238095	0.0380952380952	0.00952380952381	0.0047619047619	0.0047619047619	0.0047619047619	0.742857142857	
0.0285714285714	0.0238095238095	0.052380952381	0.00952380952381	0.0142857142857	0.0380952380952	0.0190476190476	0	0.0142857142857	0.0047619047619	0.795238095238	
0.047619047619	0.052380952381	0.0571428571429	0.0142857142857	0.0190476190476	0.0142857142857	0.0047619047619	0.0047619047619	0.00952380952381	0.00952380952381	0.766666666667	
0.0285714285714	0.0238095238095	0.047619047619	0.0047619047619	0.0190476190476	0.0238095238095	0.0333333333333	0.0047619047619	0.00952380952381	0	0.804761904762	
0.0666666666667	0.0238095238095	0.0619047619048	0.00952380952381	0.0142857142857	0.0047619047619	0.00952380952381	0.0047619047619	0.0047619047619	0.0047619047619	0.795238095238	
0.0333333333333	0.0380952380952	0.0428571428571	0.00952380952381	0.00952380952381	0.0142857142857	0.0238095238095	0.0047619047619	0.0142857142857	0.0047619047619	0.804761904762	
0.0142857142857	0.0238095238095	0.0571428571429	0.0047619047619	0.0190476190476	0.0190476190476	0.0047619047619	0.0047619047619	0.0047619047619	0	0.847619047619	
0.0285714285714	0.0285714285714	0.0666666666667	0.0047619047619	0.0047619047619	0.0142857142857	0.0047619047619	0.0047619047619	0.0142857142857	0.00952380952381	0.819047619048	
0.0380952380952	0.0428571428571	0.052380952381	0.00952380952381	0.0285714285714	0.0142857142857	0.0142857142857	0.0047619047619	0.0047619047619	0.0142857142857	0.77619047619	
0.0428571428571	0.047619047619	0.0238095238095	0.0142857142857	0.052380952381	0.0142857142857	0.0190476190476	0.0190476190476	0.0047619047619	0.0047619047619	0.757142857143	
0.0285714285714	0.047619047619	0.0571428571429	0.0142857142857	0.0238095238095	0.0380952380952	0.0047619047619	0	0.00952380952381	0	0.77619047619	
0.047619047619	0.0571428571429	0.047619047619	0.0047619047619	0.00952380952381	0.0142857142857	0.0142857142857	0.0047619047619	0.0142857142857	0.00952380952381	0.77619047619	
0.0333333333333	0.0714285714286	0.0666666666667	0.00952380952381	0.0190476190476	0.0238095238095	0.00952380952381	0.0047619047619	0.0047619047619	0.0047619047619	0.752380952381	
0.0666666666667	0.0285714285714	0.0428571428571	0.0142857142857	0.0238095238095	0.0333333333333	0.0190476190476	0.0047619047619	0.0285714285714	0.00952380952381	0.728571428571	
0.0333333333333	0.0333333333333	0.047619047619	0.00952380952381	0.0142857142857	0.0190476190476	0.0142857142857	0.0047619047619	0.00952380952381	0	0.814285714286	
0.0380952380952	0.0619047619048	0.0571428571429	0.00952380952381	0.0285714285714	0.00952380952381	0.0190476190476	0.0142857142857	0.0190476190476	0	0.742857142857	
0.0619047619048	0.0333333333333	0.047619047619	0.0190476190476	0.0047619047619	0.0238095238095	0.0047619047619	0.00952380952381	0.0142857142857	0	0.780952380952	
0.0142857142857	0.0619047619048	0.052380952381	0.0190476190476	0.0285714285714	0.047619047619	0.00952380952381	0.00952380952381	0.0142857142857	0.00952380952381	0.733333333333	
0.047619047619	0.0380952380952	0.0047619047619	0.0190476190476	0.0190476190476	0.0333333333333	0.0190476190476	0.0047619047619	0.0238095238095	0	0.790476190476	
0	0	0.0142857142857	0.0047619047619	0.0428571428571	0.0142857142857	0.0380952380952	0.0047619047619	0.0142857142857	0	0.866666666667	
0	0	0	0.0190476190476	0.0238095238095	0.00952380952381	0.0047619047619	0.00952380952381	0.00952380952381	0	0.92380952381	
0.0047619047619	0	0	0.0190476190476	0.0190476190476	0.0190476190476	0.0238095238095	0.00952380952381	0.00952380952381	0	0.895238095238	
0.0047619047619	0	0	0.0380952380952	0.0190476190476	0.00952380952381	0.0285714285714	0.0047619047619	0.00952380952381	0	0.885714285714	
0.0047619047619	0.0047619047619	0	0.0047619047619	0.047619047619	0.0333333333333	0.0142857142857	0.0238095238095	0.00952380952381	0	0.857142857143	
0.0333333333333	0.0333333333333	0.0619047619048	0.0047619047619	0.0047619047619	0.0285714285714	0.00952380952381	0	0.0142857142857	0.0047619047619	0.804761904762	
0.052380952381	0.0238095238095	0.047619047619	0.0142857142857	0.0380952380952	0.0142857142857	0.0142857142857	0.0142857142857	0.00952380952381	0.00952380952381	0.761904761905	
0.0714285714286	0.0333333333333	0.052380952381	0.00952380952381	0.0238095238095	0.0142857142857	0.0047619047619	0.0047619047619	0.0190476190476	0	0.766666666667	
0.0333333333333	0.0428571428571	0.047619047619	0.0190476190476	0.0190476190476	0.0285714285714	0.00952380952381	0.00952380952381	0.0285714285714	0	0.761904761905	
0.0714285714286	0.052380952381	0.0428571428571	0.00952380952381	0.00952380952381	0.0142857142857	0	0.0047619047619	0.0047619047619	0	0.790476190476	
0.0333333333333	0.052380952381	0.0761904761905	0.0047619047619	0.0190476190476	0.0190476190476	0.0190476190476	0.0142857142857	0.00952380952381	0.0047619047619	0.747619047619	
0.0571428571429	0.0285714285714	0.0333333333333	0.0142857142857	0.0285714285714	0.0238095238095	0.00952380952381	0.00952380952381	0.00952380952381	0.0047619047619	0.780952380952	
0.0238095238095	0.0285714285714	0.0380952380952	0	0.0571428571429	0.0142857142857	0.0285714285714	0.0142857142857	0.0142857142857	0	0.780952380952	
0.047619047619	0.0333333333333	0.052380952381	0.0142857142857	0.0190476190476	0.0142857142857	0.0047619047619	0.00952380952381	0.0238095238095	0	0.780952380952	
0.0333333333333	0.047619047619	0.0619047619048	0.00952380952381	0.0238095238095	0.0190476190476	0.0047619047619	0.0047619047619	0.0142857142857	0.00952380952381	0.771428571429	
0.0380952380952	0.047619047619	0.0761904761905	0.0190476190476	0.0238095238095	0.0190476190476	0	0	0.00952380952381	0	0.766666666667	
0.0285714285714	0.0380952380952	0.0809523809524	0.0142857142857	0.0380952380952	0.0190476190476	0.0190476190476	0.00952380952381	0.00952380952381	0.00952380952381	0.733333333333	
0.0380952380952	0.0285714285714	0.0619047619048	0.0047619047619	0.0190476190476	0.0285714285714	0.0142857142857	0	0.00952380952381	0	0.795238095238	
0.0571428571429	0.00952380952381	0.052380952381	0.0047619047619	0.0380952380952	0.0380952380952	0.0142857142857	0.0142857142857	0.0142857142857	0.0047619047619	0.752380952381	
0.0380952380952	0.0238095238095	0.0571428571429	0.0047619047619	0.0333333333333	0.0190476190476	0.0142857142857	0.0047619047619	0.00952380952381	0.0047619047619	0.790476190476	
0.047619047619	0.0571428571429	0.0571428571429	0	0.0428571428571	0.0333333333333	0.0285714285714	0	0.0047619047619	0	0.728571428571	
0.0428571428571	0.052380952381	0.0904761904762	0.0190476190476	0.0047619047619	0.0142857142857	0.0142857142857	0.00952380952381	0.00952380952381	0	0.742857142857	
0.0380952380952	0.047619047619	0.0333333333333	0.0142857142857	0.0190476190476	0.0238095238095	0.0047619047619	0.00952380952381	0.0190476190476	0.00952380952381	0.780952380952	
0.0952380952381	0.0285714285714	0.047619047619	0.0047619047619	0.0571428571429	0.0190476190476	0.00952380952381	0.0142857142857	0.0047619047619	0.0047619047619	0.714285714286	
0.0619047619048	0.0238095238095	0.047619047619	0.0190476190476	0.0285714285714	0.0190476190476	0.0190476190476	0.00952380952381	0.0142857142857	0.0047619047619	0.752380952381	
0.0380952380952	0.0428571428571	0.0380952380952	0	0.0285714285714	0.0380952380952	0.0333333333333	0.0047619047619	0.0047619047619	0.0047619047619	0.766666666667	
0.0333333333333	0.047619047619	0.047619047619	0.0190476190476	0.0190476190476	0.0238095238095	0.00952380952381	0.00952380952381	0.0238095238095	0.0047619047619	0.761904761905	
0.0380952380952	0.0571428571429	0.0666666666667	0.0142857142857	0.0238095238095	0.0238095238095	0.0142857142857	0.0047619047619	0.0142857142857	0	0.742857142857	
0.0142857142857	0.0380952380952	0.0333333333333	0.0142857142857	0.0142857142857	0.0142857142857	0.0142857142857	0.0047619047619	0.00952380952381	0.0190476190476	0.82380952381	
0.047619047619	0.0238095238095	0.047619047619	0.0047619047619	0.0333333333333	0.0142857142857	0.00952380952381	0.00952380952381	0.0142857142857	0	0.795238095238	
0.0428571428571	0.0142857142857	0.0571428571429	0.0333333333333	0.0190476190476	0.0190476190476	0.0190476190476	0.0142857142857	0.0190476190476	0	0.761904761905	
0.0142857142857	0.0571428571429	0.0761904761905	0.0047619047619	0.0190476190476	0.0380952380952	0.00952380952381	0	0.00952380952381	0	0.771428571429	
0.0571428571429	0.0238095238095	0.0190476190476	0.00952380952381	0.0285714285714	0.0380952380952	0.0238095238095	0.00952380952381	0	0	0.790476190476	
0.0380952380952	0.0238095238095	0.0571428571429	0.0142857142857	0	0.0190476190476	0.0238095238095	0.0047619047619	0.0047619047619	0	0.814285714286	
0.0333333333333	0.047619047619	0.052380952381	0.0142857142857	0.0238095238095	0.0190476190476	0.00952380952381	0.0142857142857	0.0142857142857	0.0047619047619	0.766666666667	
0.0428571428571	0.0571428571429	0.0428571428571	0.0142857142857	0.0142857142857	0.0238095238095	0	0.0142857142857	0.0047619047619	0	0.785714285714	
0.0380952380952	0.0380952380952	0.0428571428571	0.0142857142857	0.0285714285714	0.047619047619	0.0190476190476	0.0142857142857	0.00952380952381	0.0190476190476	0.728571428571	
0.0666666666667	0.0285714285714	0.0428571428571	0.00952380952381	0.0238095238095	0.0428571428571	0.0142857142857	0.0047619047619	0	0.0047619047619	0.761904761905	
0.0428571428571	0.0285714285714	0.0285714285714	0.0190476190476	0.0190476190476	0.0380952380952	0.0142857142857	0.0190476190476	0	0.0047619047619	0.785714285714	
0.0380952380952	0.0428571428571	0.0238095238095	0	0.0285714285714	0.0047619047619	0.0190476190476	0.0238095238095	0.0047619047619	0.0047619047619	0.809523809524	
0.0428571428571	0.0714285714286	0.0428571428571	0.0142857142857	0.0190476190476	0.052380952381	0	0.0047619047619	0	0	0.752380952381	
0.0333333333333	0.052380952381	0.0714285714286	0.0190476190476	0.0238095238095	0.0428571428571	0.00952380952381	0	0	0	0.747619047619	
0.0285714285714	0.052380952381	0.0333333333333	0.00952380952381	0.0190476190476	0.0428571428571	0.0238095238095	0.0047619047619	0.0142857142857	0.0047619047619	0.766666666667	
0.0428571428571	0.0333333333333	0.052380952381	0.0047619047619	0.0238095238095	0.0333333333333	0.0047619047619	0.00952380952381	0.0142857142857	0	0.780952380952	
0.00952380952381	0.0428571428571	0.0238095238095	0.00952380952381	0.0285714285714	0.0238095238095	0.0285714285714	0.00952380952381	0.0142857142857	0	0.809523809524	
0.0190476190476	0.0333333333333	0.047619047619	0	0.0238095238095	0.0238095238095	0.0190476190476	0	0.0238095238095	0	0.809523809524	
0.0285714285714	0.0333333333333	0.0333333333333	0.00952380952381	0.0047619047619	0.0238095238095	0	0.0142857142857	0.00952380952381	0	0.842857142857	
0.0380952380952	0.0380952380952	0.0428571428571	0.0047619047619	0.00952380952381	0.0238095238095	0.00952380952381	0.00952380952381	0.0190476190476	0	0.804761904762	
0.047619047619	0.0380952380952	0.047619047619	0.00952380952381	0.0142857142857	0.0238095238095	0.00952380952381	0.0142857142857	0.0190476190476	0.0047619047619	0.771428571429	
0.0190476190476	0.0333333333333	0.0809523809524	0.0142857142857	0.0285714285714	0.0238095238095	0.00952380952381	0.00952380952381	0.0142857142857	0.00952380952381	0.757142857143	
0.0428571428571	0.0380952380952	0.0380952380952	0.0190476190476	0.0619047619048	0.0238095238095	0.0047619047619	0.00952380952381	0.00952380952381	0.00952380952381	0.742857142857	
0.0428571428571	0.0714285714286	0.047619047619	0.0190476190476	0.00952380952381	0.0238095238095	0.00952380952381	0.00952380952381	0.0047619047619	0.0047619047619	0.757142857143	
0.0333333333333	0.0333333333333	0.0857142857143	0.0380952380952	0.0285714285714	0.0380952380952	0.0238095238095	0.00952380952381	0.0142857142857	0	0.695238095238	
0.0380952380952	0.0428571428571	0.0285714285714	0.0047619047619	0.0238095238095	0.0380952380952	0.0047619047619	0.00952380952381	0	0.00952380952381	0.8	
0.0333333333333	0.0238095238095	0.0619047619048	0.0238095238095	0.0285714285714	0.0285714285714	0.0047619047619	0.0047619047619	0.0047619047619	0.00952380952381	0.77619047619	
0.0428571428571	0.0333333333333	0.0380952380952	0.0047619047619	0.0190476190476	0.0238095238095	0.0190476190476	0.00952380952381	0	0.0047619047619	0.804761904762	
0.0380952380952	0.047619047619	0.0333333333333	0.0142857142857	0.0333333333333	0.0238095238095	0.0190476190476	0.00952380952381	0.00952380952381	0	0.771428571429	
0.0142857142857	0.0428571428571	0.0238095238095	0.00952380952381	0.0285714285714	0.0285714285714	0.0142857142857	0.0047619047619	0.00952380952381	0	0.82380952381	
0.047619047619	0.052380952381	0.0666666666667	0.0047619047619	0.0047619047619	0.052380952381	0.0047619047619	0.00952380952381	0.0333333333333	0.00952380952381	0.714285714286	
0.0428571428571	0.0333333333333	0.0428571428571	0.0047619047619	0.0285714285714	0.0285714285714	0.0142857142857	0.0047619047619	0.00952380952381	0.0047619047619	0.785714285714	
0.0333333333333	0.047619047619	0.052380952381	0	0.0333333333333	0.0285714285714	0.0285714285714	0.00952380952381	0.0190476190476	0	0.747619047619	
0.0380952380952	0.0380952380952	0.0285714285714	0.0238095238095	0.0190476190476	0.0190476190476	0.00952380952381	0.00952380952381	0.00952380952381	0	0.804761904762	
0.0285714285714	0.0428571428571	0.0571428571429	0.0190476190476	0.0380952380952	0.0285714285714	0.0142857142857	0.0047619047619	0.0142857142857	0.00952380952381	0.742857142857	
0.0333333333333	0.0238095238095	0.0428571428571	0.00952380952381	0.0285714285714	0.0238095238095	0	0.0047619047619	0.0142857142857	0.00952380952381	0.809523809524	
0.047619047619	0.0571428571429	0.047619047619	0	0.0190476190476	0	0.0047619047619	0	0.0047619047619	0.0047619047619	0.814285714286	
0.0380952380952	0.0571428571429	0.0428571428571	0.00952380952381	0.0190476190476	0.0190476190476	0.00952380952381	0.0142857142857	0.0142857142857	0.00952380952381	0.766666666667	
0.0428571428571	0.0285714285714	0.0619047619048	0.0047619047619	0.0333333333333	0.0285714285714	0.0380952380952	0	0.0047619047619	0.0047619047619	0.752380952381	
0.0380952380952	0.0333333333333	0.052380952381	0.00952380952381	0.00952380952381	0.0190476190476	0.00952380952381	0.00952380952381	0.0238095238095	0.00952380952381	0.785714285714	
0.0380952380952	0.0333333333333	0.0666666666667	0.0190476190476	0.0238095238095	0.0190476190476	0.00952380952381	0.0047619047619	0.0142857142857	0.0047619047619	0.766666666667	
0.0285714285714	0.0380952380952	0.0761904761905	0	0.0333333333333	0.00952380952381	0.00952380952381	0	0.0047619047619	0.0047619047619	0.795238095238	
0.0285714285714	0.0571428571429	0.0428571428571	0.0047619047619	0.0190476190476	0.047619047619	0.052380952381	0.00952380952381	0.0238095238095	0.0047619047619	0.709523809524	
0.0714285714286	0.0380952380952	0.0571428571429	0.0285714285714	0.0333333333333	0.0190476190476	0.0142857142857	0.0142857142857	0.00952380952381	0	0.714285714286	
0.0190476190476	0.0333333333333	0.0571428571429	0.0238095238095	0.0380952380952	0.0190476190476	0.0190476190476	0	0.0238095238095	0.0142857142857	0.752380952381	
0.047619047619	0.052380952381	0.0619047619048	0.0047619047619	0.0047619047619	0.0285714285714	0.0238095238095	0.0047619047619	0.0047619047619	0.0047619047619	0.761904761905	
0.0571428571429	0.0190476190476	0.0333333333333	0.0142857142857	0.0142857142857	0.0190476190476	0.0190476190476	0.00952380952381	0.0190476190476	0	0.795238095238	
0.0238095238095	0.0190476190476	0.0380952380952	0	0.0285714285714	0.0238095238095	0.0142857142857	0.0238095238095	0.00952380952381	0.00952380952381	0.809523809524	
0.052380952381	0.047619047619	0.0333333333333	0.0142857142857	0.0238095238095	0.0190476190476	0.00952380952381	0	0.0047619047619	0	0.795238095238	
0.047619047619	0.0428571428571	0.0428571428571	0.0142857142857	0.0285714285714	0.0190476190476	0.0047619047619	0.00952380952381	0.0047619047619	0.0047619047619	0.780952380952	
0.0190476190476	0.0761904761905	0.0285714285714	0.0238095238095	0.0285714285714	0	0.0142857142857	0.0047619047619	0.0190476190476	0	0.785714285714	
0.0428571428571	0.047619047619	0.047619047619	0.0190476190476	0.0238095238095	0.0238095238095	0.0238095238095	0	0.0142857142857	0	0.757142857143	
0.0714285714286	0.0333333333333	0.0619047619048	0.0190476190476	0.0428571428571	0.0380952380952	0.0142857142857	0.0142857142857	0.0047619047619	0	0.7	
0.0380952380952	0.0428571428571	0.0333333333333	0.00952380952381	0.0142857142857	0.0428571428571	0.0142857142857	0	0.00952380952381	0.0047619047619	0.790476190476	
0.0285714285714	0.0333333333333	0.052380952381	0.0047619047619	0.0238095238095	0.0238095238095	0	0.0142857142857	0.0142857142857	0	0.804761904762	
0.0380952380952	0.0333333333333	0.0619047619048	0.00952380952381	0.0190476190476	0.0142857142857	0.00952380952381	0.00952380952381	0.00952380952381	0.0047619047619	0.790476190476	
0.0190476190476	0.052380952381	0.0190476190476	0.00952380952381	0.0285714285714	0.0190476190476	0.0142857142857	0	0.0142857142857	0.00952380952381	0.814285714286	
0.0285714285714	0.047619047619	0.0428571428571	0.0047619047619	0.0380952380952	0.0190476190476	0.0047619047619	0.00952380952381	0	0.0047619047619	0.8	
0.047619047619	0.0333333333333	0.047619047619	0.0142857142857	0.0190476190476	0.0142857142857	0.00952380952381	0.00952380952381	0.0190476190476	0	0.785714285714	
0.0714285714286	0.0333333333333	0.0380952380952	0.0190476190476	0.0142857142857	0.0380952380952	0.0047619047619	0.0047619047619	0.00952380952381	0	0.766666666667	
0.0285714285714	0.0190476190476	0.0428571428571	0.0047619047619	0.0142857142857	0.0238095238095	0.0142857142857	0.00952380952381	0.0047619047619	0.0047619047619	0.833333333333	
0.0238095238095	0.0380952380952	0.0619047619048	0.0142857142857	0.0285714285714	0.0333333333333	0.00952380952381	0	0.0142857142857	0.0047619047619	0.771428571429	
0.0285714285714	0.052380952381	0.0333333333333	0.0047619047619	0.0142857142857	0.0190476190476	0.0285714285714	0.0142857142857	0.00952380952381	0.0047619047619	0.790476190476	
0.0333333333333	0.0571428571429	0.047619047619	0.0238095238095	0.0333333333333	0.0190476190476	0.0142857142857	0	0.00952380952381	0.0142857142857	0.747619047619	
0.0428571428571	0.0238095238095	0.0428571428571	0.0238095238095	0.0333333333333	0.0142857142857	0.0142857142857	0	0.00952380952381	0.0142857142857	0.780952380952	
0.0380952380952	0.0571428571429	0.0428571428571	0.0190476190476	0.0190476190476	0.0238095238095	0.0047619047619	0.00952380952381	0.0190476190476	0.0142857142857	0.752380952381	
0.0666666666667	0.0333333333333	0.047619047619	0.00952380952381	0.0238095238095	0.00952380952381	0.00952380952381	0.0190476190476	0.0047619047619	0.00952380952381	0.766666666667	
0.0428571428571	0.047619047619	0.0571428571429	0.0047619047619	0.0142857142857	0.0238095238095	0.0047619047619	0.0142857142857	0.00952380952381	0.00952380952381	0.771428571429	
0.0333333333333	0.0380952380952	0.0333333333333	0.0238095238095	0.0238095238095	0.0285714285714	0.0142857142857	0.0142857142857	0.0190476190476	0.0047619047619	0.766666666667	
0.052380952381	0.0142857142857	0.052380952381	0.0142857142857	0.00952380952381	0.0333333333333	0	0	0.00952380952381	0.0047619047619	0.809523809524	
0.0285714285714	0.0619047619048	0.052380952381	0.0047619047619	0.0285714285714	0.00952380952381	0.0190476190476	0	0.00952380952381	0.0190476190476	0.766666666667	
0.0238095238095	0.052380952381	0.047619047619	0.0047619047619	0.047619047619	0.0285714285714	0.0190476190476	0.00952380952381	0.00952380952381	0	0.757142857143	
0.00952380952381	0.0428571428571	0.047619047619	0.00952380952381	0.00952380952381	0	0.00952380952381	0	0.0047619047619	0.0047619047619	0.861904761905	
0.0333333333333	0.0428571428571	0.0619047619048	0.00952380952381	0.00952380952381	0.0142857142857	0.0142857142857	0	0.0142857142857	0.0047619047619	0.795238095238	
0.0571428571429	0.047619047619	0.0571428571429	0.0190476190476	0.0333333333333	0.0333333333333	0.0047619047619	0.00952380952381	0.00952380952381	0	0.728571428571	
0.0571428571429	0.052380952381	0.0380952380952	0.0047619047619	0.0285714285714	0.0238095238095	0.00952380952381	0	0.00952380952381	0	0.77619047619	
0.0666666666667	0.0333333333333	0.052380952381	0.0047619047619	0.0238095238095	0.0238095238095	0.00952380952381	0.0047619047619	0.0047619047619	0.0047619047619	0.771428571429	
0.0571428571429	0.0333333333333	0.0666666666667	0.00952380952381	0.0190476190476	0.0238095238095	0.00952380952381	0.0047619047619	0.0238095238095	0.0047619047619	0.747619047619	
0.047619047619	0.0238095238095	0.0619047619048	0.0047619047619	0.0380952380952	0.0047619047619	0.0142857142857	0.0047619047619	0.0142857142857	0.0142857142857	0.771428571429	
0.0380952380952	0.0333333333333	0.0619047619048	0	0.0428571428571	0.0333333333333	0.0047619047619	0.00952380952381	0.00952380952381	0.0047619047619	0.761904761905	
0.0714285714286	0.0428571428571	0.0619047619048	0.00952380952381	0.0238095238095	0.0142857142857	0.00952380952381	0.0047619047619	0.0047619047619	0	0.757142857143	
0.0333333333333	0.0238095238095	0.0380952380952	0.00952380952381	0.0333333333333	0.0142857142857	0.0142857142857	0.0047619047619	0	0.00952380952381	0.819047619048	
0.052380952381	0.0428571428571	0.0714285714286	0.0142857142857	0.052380952381	0.0238095238095	0.00952380952381	0.0047619047619	0.047619047619	0	0.680952380952	
0.0238095238095	0.0285714285714	0.0190476190476	0.0142857142857	0.0285714285714	0.0285714285714	0.00952380952381	0.0142857142857	0.0142857142857	0.00952380952381	0.809523809524	
0.0380952380952	0.0333333333333	0.052380952381	0.0190476190476	0.00952380952381	0.0285714285714	0.0142857142857	0.0047619047619	0.00952380952381	0	0.790476190476	
0.0619047619048	0.052380952381	0.0428571428571	0.0047619047619	0.0238095238095	0.0380952380952	0.0047619047619	0	0.0047619047619	0.0047619047619	0.761904761905	
0.0428571428571	0.0571428571429	0.052380952381	0.0142857142857	0.0285714285714	0.0190476190476	0.00952380952381	0	0.00952380952381	0	0.766666666667	
0.0761904761905	0.0571428571429	0.052380952381	0.0142857142857	0	0.0190476190476	0.0285714285714	0.0142857142857	0.00952380952381	0	0.728571428571	
0.0428571428571	0.0428571428571	0.0428571428571	0.0190476190476	0.0190476190476	0.0333333333333	0.0047619047619	0.0047619047619	0.0238095238095	0	0.766666666667	
0.0428571428571	0.0190476190476	0.0761904761905	0.0238095238095	0.00952380952381	0.0142857142857	0.0047619047619	0.0047619047619	0	0.0142857142857	0.790476190476	
0.052380952381	0.0333333333333	0.0428571428571	0.0142857142857	0.0333333333333	0.0190476190476	0.0190476190476	0.0047619047619	0.0142857142857	0.0047619047619	0.761904761905	
