0.047619047619	0.0416666666667	0.0119047619048	0.047619047619	0.0297619047619	0.0178571428571	0.0119047619048	0.0178571428571	0.0178571428571	0.0119047619048	0.744047619048	
0.0238095238095	0.0535714285714	0.0357142857143	0.0357142857143	0.0178571428571	0.0178571428571	0.00595238095238	0	0.0119047619048	0.0178571428571	0.779761904762	
0.0357142857143	0.0297619047619	0.0357142857143	0.0416666666667	0.0416666666667	0.0297619047619	0.0119047619048	0.00595238095238	0.0119047619048	0.00595238095238	0.75	
0.0595238095238	0.0833333333333	0.0238095238095	0.0535714285714	0.0357142857143	0.0238095238095	0	0.00595238095238	0.0357142857143	0.0119047619048	0.666666666667	
0.077380952381	0.0416666666667	0.0178571428571	0.0238095238095	0.0178571428571	0.0178571428571	0.0178571428571	0	0.0178571428571	0.00595238095238	0.761904761905	
0.0714285714286	0.107142857143	0.0297619047619	0.0357142857143	0.0238095238095	0.0238095238095	0.0238095238095	0.00595238095238	0.0238095238095	0.00595238095238	0.64880952381	
0.047619047619	0.047619047619	0.0416666666667	0.047619047619	0.0297619047619	0.0238095238095	0.00595238095238	0.00595238095238	0.0178571428571	0.00595238095238	0.72619047619	
0.0357142857143	0.0595238095238	0.0416666666667	0.0178571428571	0.0178571428571	0.0178571428571	0.00595238095238	0.00595238095238	0.00595238095238	0.00595238095238	0.785714285714	
0.0297619047619	0.0952380952381	0.00595238095238	0.047619047619	0.0416666666667	0.0238095238095	0.0238095238095	0.0178571428571	0.0178571428571	0.00595238095238	0.690476190476	
0.0178571428571	0.0535714285714	0.0416666666667	0.0416666666667	0.0297619047619	0.047619047619	0.0119047619048	0.00595238095238	0.0119047619048	0.0178571428571	0.720238095238	
0.0535714285714	0.0833333333333	0.0178571428571	0.0357142857143	0.00595238095238	0.0178571428571	0.00595238095238	0.00595238095238	0.0178571428571	0	0.755952380952	
0.047619047619	0.0416666666667	0.0178571428571	0.0535714285714	0.0357142857143	0.00595238095238	0.00595238095238	0.00595238095238	0.0119047619048	0.00595238095238	0.767857142857	
0.0297619047619	0.047619047619	0.0357142857143	0.0654761904762	0.0238095238095	0.047619047619	0.0119047619048	0.00595238095238	0.0119047619048	0.0119047619048	0.708333333333	
0.0357142857143	0.047619047619	0.0119047619048	0.0297619047619	0.0297619047619	0.0238095238095	0.00595238095238	0.0178571428571	0.00595238095238	0	0.791666666667	
0.0535714285714	0.0238095238095	0	0.0297619047619	0.0178571428571	0.0238095238095	0	0	0.0119047619048	0.0119047619048	0.827380952381	
0.0357142857143	0.0416666666667	0	0.0714285714286	0.047619047619	0.0178571428571	0.0119047619048	0	0.00595238095238	0.0178571428571	0.75	
0.0357142857143	0.0416666666667	0.0416666666667	0.0535714285714	0.0297619047619	0.0416666666667	0	0.0178571428571	0.00595238095238	0.00595238095238	0.72619047619	
0.047619047619	0.047619047619	0.0178571428571	0.0535714285714	0.0416666666667	0.0595238095238	0.0119047619048	0.0119047619048	0.00595238095238	0.00595238095238	0.696428571429	
0.0595238095238	0.0297619047619	0.0238095238095	0.0535714285714	0.0416666666667	0.0238095238095	0	0.0178571428571	0.0297619047619	0.00595238095238	0.714285714286	
0.0357142857143	0.077380952381	0.0357142857143	0.0595238095238	0.0178571428571	0.0178571428571	0.0178571428571	0.00595238095238	0.0238095238095	0.0178571428571	0.690476190476	
0.0357142857143	0.0535714285714	0.0178571428571	0.0535714285714	0.0357142857143	0.00595238095238	0.0178571428571	0.00595238095238	0.00595238095238	0.0178571428571	0.75	
0.0357142857143	0.0416666666667	0.0535714285714	0.047619047619	0.0416666666667	0.0178571428571	0	0.00595238095238	0.00595238095238	0.00595238095238	0.744047619048	
0.0297619047619	0.0357142857143	0.0238095238095	0.0952380952381	0.0297619047619	0.0238095238095	0.0119047619048	0.00595238095238	0.0119047619048	0.0119047619048	0.720238095238	
0.0178571428571	0.0357142857143	0.0178571428571	0.0535714285714	0.0238095238095	0.0178571428571	0.0119047619048	0	0.0178571428571	0	0.803571428571	
0.0654761904762	0.0535714285714	0.0178571428571	0.047619047619	0.0357142857143	0.0714285714286	0.0119047619048	0.00595238095238	0.00595238095238	0.00595238095238	0.678571428571	
0.047619047619	0.0416666666667	0.0357142857143	0.0178571428571	0.0535714285714	0.0238095238095	0.0119047619048	0	0.0178571428571	0.0416666666667	0.708333333333	
0.0595238095238	0.047619047619	0.0238095238095	0.047619047619	0.0357142857143	0.0178571428571	0.0357142857143	0	0.00595238095238	0.00595238095238	0.720238095238	
0.0238095238095	0.0535714285714	0.00595238095238	0.0238095238095	0.0119047619048	0.0357142857143	0.00595238095238	0.00595238095238	0.00595238095238	0.0119047619048	0.815476190476	
0.0297619047619	0.047619047619	0.0119047619048	0.0535714285714	0.0178571428571	0.0178571428571	0.0119047619048	0.0178571428571	0.0238095238095	0.0119047619048	0.755952380952	
0.0357142857143	0.0357142857143	0.0238095238095	0.0297619047619	0.0416666666667	0.0238095238095	0.00595238095238	0	0.0119047619048	0	0.791666666667	
0.047619047619	0.0297619047619	0.0357142857143	0.0654761904762	0.0119047619048	0.0357142857143	0	0.00595238095238	0.00595238095238	0	0.761904761905	
0.0357142857143	0.0714285714286	0.0238095238095	0.0297619047619	0.0297619047619	0.0178571428571	0	0	0	0	0.791666666667	
0.0357142857143	0.0357142857143	0.0178571428571	0.0535714285714	0.0238095238095	0.0119047619048	0.0178571428571	0.0119047619048	0.0119047619048	0.00595238095238	0.77380952381	
0.047619047619	0.0416666666667	0.0238095238095	0.0535714285714	0.0238095238095	0.0416666666667	0.0178571428571	0	0	0.00595238095238	0.744047619048	
0.0416666666667	0.0357142857143	0.0119047619048	0.0357142857143	0.0238095238095	0.0238095238095	0.00595238095238	0.00595238095238	0.0178571428571	0.0119047619048	0.785714285714	
0.0297619047619	0.0297619047619	0.0297619047619	0.0892857142857	0.0178571428571	0.0297619047619	0.00595238095238	0.0119047619048	0.00595238095238	0	0.75	
0.0357142857143	0.077380952381	0.0297619047619	0.0535714285714	0.0178571428571	0.0297619047619	0	0.0238095238095	0.0297619047619	0.0119047619048	0.690476190476	
0.0535714285714	0.0416666666667	0.0238095238095	0.0297619047619	0.0416666666667	0.0119047619048	0	0.0178571428571	0	0.0357142857143	0.744047619048	
0.0297619047619	0.047619047619	0.0297619047619	0.0714285714286	0.0416666666667	0.0357142857143	0.00595238095238	0.0178571428571	0.0238095238095	0	0.696428571429	
0.047619047619	0.0595238095238	0.0238095238095	0.0714285714286	0.0357142857143	0.0178571428571	0.0178571428571	0.00595238095238	0.0178571428571	0.00595238095238	0.696428571429	
0.0119047619048	0.0238095238095	0.0238095238095	0.0357142857143	0.0178571428571	0.0357142857143	0.0119047619048	0	0.0178571428571	0.0238095238095	0.797619047619	
0.0238095238095	0.0357142857143	0.0119047619048	0.0416666666667	0.0119047619048	0.0238095238095	0.0119047619048	0	0.0238095238095	0.0178571428571	0.797619047619	
0.0535714285714	0.0357142857143	0.0238095238095	0.0357142857143	0.0119047619048	0.0178571428571	0.00595238095238	0	0.00595238095238	0.0178571428571	0.791666666667	
0.0238095238095	0.0535714285714	0.0357142857143	0.077380952381	0.0238095238095	0.0357142857143	0.0178571428571	0.00595238095238	0.0178571428571	0.00595238095238	0.702380952381	
0.0357142857143	0.0595238095238	0	0.0178571428571	0.0178571428571	0.0238095238095	0.0238095238095	0.00595238095238	0.0178571428571	0.00595238095238	0.791666666667	
0.0416666666667	0.0892857142857	0.0238095238095	0.0297619047619	0.0119047619048	0.0357142857143	0.0119047619048	0.00595238095238	0.00595238095238	0.0119047619048	0.732142857143	
0.0178571428571	0.0416666666667	0.0178571428571	0.0297619047619	0.0178571428571	0.0297619047619	0.0238095238095	0	0.0297619047619	0.0178571428571	0.77380952381	
0.0238095238095	0.047619047619	0.0297619047619	0.0952380952381	0.047619047619	0.0178571428571	0	0.0119047619048	0.00595238095238	0.0178571428571	0.702380952381	
0.0595238095238	0.0357142857143	0.0178571428571	0.0357142857143	0.00595238095238	0.0178571428571	0.0119047619048	0.00595238095238	0.0178571428571	0.0119047619048	0.779761904762	
0.00595238095238	0.0416666666667	0.0178571428571	0.0357142857143	0.0238095238095	0.0297619047619	0.0178571428571	0	0.0119047619048	0.00595238095238	0.809523809524	
0.0297619047619	0.0238095238095	0.0238095238095	0.0714285714286	0.0178571428571	0.0297619047619	0.0119047619048	0.00595238095238	0.0238095238095	0.00595238095238	0.755952380952	
0.0535714285714	0.0416666666667	0.0714285714286	0.0892857142857	0.0357142857143	0.0178571428571	0	0	0.0238095238095	0.0178571428571	0.64880952381	
0.0654761904762	0.0416666666667	0.0178571428571	0.0595238095238	0.0178571428571	0.00595238095238	0.0238095238095	0.00595238095238	0.00595238095238	0.0178571428571	0.738095238095	
0.077380952381	0.0654761904762	0.0238095238095	0.0357142857143	0.0297619047619	0.0178571428571	0.0119047619048	0.0119047619048	0.0178571428571	0.0178571428571	0.690476190476	
0.047619047619	0.0178571428571	0.0119047619048	0.0357142857143	0.047619047619	0.0357142857143	0	0	0.0238095238095	0	0.779761904762	
0.0238095238095	0.0714285714286	0.0357142857143	0.0416666666667	0.0416666666667	0.0357142857143	0.00595238095238	0.0178571428571	0.0238095238095	0.00595238095238	0.696428571429	
0.0714285714286	0.0238095238095	0.0238095238095	0.0416666666667	0.0238095238095	0.0297619047619	0.00595238095238	0.0119047619048	0.0178571428571	0	0.75	
0.0297619047619	0.0595238095238	0.0297619047619	0.0952380952381	0.0178571428571	0.0297619047619	0.0119047619048	0.00595238095238	0.0238095238095	0.00595238095238	0.690476190476	
0.0238095238095	0.0357142857143	0.0238095238095	0.0654761904762	0	0.0178571428571	0.00595238095238	0	0.0178571428571	0.00595238095238	0.803571428571	
0.0357142857143	0.0714285714286	0.0178571428571	0.047619047619	0.0178571428571	0.0178571428571	0.0238095238095	0.0119047619048	0.0119047619048	0.00595238095238	0.738095238095	
0.0297619047619	0.0357142857143	0.0238095238095	0.077380952381	0.0416666666667	0.0238095238095	0.0119047619048	0	0.00595238095238	0.00595238095238	0.744047619048	
0.0416666666667	0.0714285714286	0.0297619047619	0.0297619047619	0.00595238095238	0.0416666666667	0	0.0119047619048	0.0297619047619	0.0119047619048	0.72619047619	
0.0416666666667	0.0595238095238	0.0178571428571	0.0535714285714	0.0357142857143	0.0357142857143	0	0	0	0.00595238095238	0.75	
0.0535714285714	0.047619047619	0.0238095238095	0.077380952381	0.0119047619048	0.0238095238095	0.0119047619048	0.00595238095238	0.00595238095238	0.00595238095238	0.732142857143	
0.0357142857143	0.047619047619	0.00595238095238	0.0357142857143	0.0238095238095	0.0238095238095	0.0178571428571	0.0119047619048	0.0178571428571	0	0.779761904762	
0.0357142857143	0.047619047619	0.047619047619	0.0595238095238	0.047619047619	0.0119047619048	0.0297619047619	0	0.0119047619048	0	0.708333333333	
0.0297619047619	0.0357142857143	0.00595238095238	0.0714285714286	0.0178571428571	0.0297619047619	0.0297619047619	0.00595238095238	0.0119047619048	0.00595238095238	0.755952380952	
0.047619047619	0.0595238095238	0.0357142857143	0.0357142857143	0.0297619047619	0.0178571428571	0.0178571428571	0	0.0238095238095	0	0.732142857143	
0.0178571428571	0.0297619047619	0.047619047619	0.0535714285714	0.0297619047619	0.0178571428571	0.0178571428571	0.00595238095238	0.0238095238095	0.0178571428571	0.738095238095	
0.0297619047619	0.0595238095238	0.0119047619048	0.0595238095238	0.0297619047619	0.0297619047619	0.00595238095238	0	0.0238095238095	0.00595238095238	0.744047619048	
0.0178571428571	0.0297619047619	0.0178571428571	0.0297619047619	0.0357142857143	0.0238095238095	0.00595238095238	0.00595238095238	0.0119047619048	0	0.821428571429	
0.0297619047619	0.0416666666667	0.0238095238095	0.0595238095238	0.0178571428571	0.0357142857143	0.0119047619048	0.0178571428571	0.0119047619048	0.0119047619048	0.738095238095	
0.0297619047619	0.0654761904762	0.0357142857143	0.0416666666667	0.0119047619048	0.0297619047619	0.0119047619048	0.00595238095238	0.0297619047619	0.00595238095238	0.732142857143	
0.0595238095238	0.0714285714286	0.0119047619048	0.047619047619	0.0119047619048	0.0238095238095	0.00595238095238	0	0.0238095238095	0.0119047619048	0.732142857143	
0.0297619047619	0.0238095238095	0.0297619047619	0.047619047619	0.0297619047619	0.0178571428571	0.00595238095238	0.00595238095238	0.0178571428571	0.0178571428571	0.77380952381	
0.0416666666667	0.0654761904762	0.0119047619048	0.0535714285714	0.0297619047619	0.0238095238095	0.0119047619048	0.00595238095238	0.0297619047619	0.00595238095238	0.720238095238	
0.0297619047619	0.047619047619	0.0178571428571	0.0238095238095	0.0119047619048	0.0595238095238	0.0238095238095	0	0	0.00595238095238	0.779761904762	
0.0297619047619	0.0535714285714	0.0238095238095	0.047619047619	0.0178571428571	0.0297619047619	0	0	0.0238095238095	0	0.77380952381	
0.0297619047619	0.0535714285714	0.0119047619048	0.0595238095238	0.00595238095238	0.0357142857143	0.0119047619048	0.00595238095238	0.0238095238095	0	0.761904761905	
0.0297619047619	0.0416666666667	0.0178571428571	0.0595238095238	0.047619047619	0.047619047619	0.00595238095238	0.00595238095238	0.0119047619048	0.0238095238095	0.708333333333	
0.077380952381	0.0595238095238	0.0238095238095	0.0416666666667	0.0178571428571	0.0238095238095	0	0	0.0178571428571	0.00595238095238	0.732142857143	
0.0357142857143	0.0892857142857	0.0357142857143	0.0357142857143	0.0238095238095	0.0178571428571	0.0178571428571	0.00595238095238	0.0119047619048	0.00595238095238	0.720238095238	
0.047619047619	0.0416666666667	0.0238095238095	0.047619047619	0	0.0357142857143	0.0178571428571	0.00595238095238	0.00595238095238	0.00595238095238	0.767857142857	
0.0654761904762	0.0595238095238	0.0119047619048	0.0535714285714	0.00595238095238	0.0357142857143	0	0.00595238095238	0.0119047619048	0.0178571428571	0.732142857143	
0.0416666666667	0.0178571428571	0.047619047619	0.0595238095238	0.0297619047619	0.0297619047619	0.00595238095238	0.0119047619048	0.0238095238095	0.0119047619048	0.720238095238	
0.0416666666667	0.0714285714286	0.0297619047619	0.0654761904762	0.0297619047619	0.0178571428571	0.0119047619048	0	0.0119047619048	0.0178571428571	0.702380952381	
0.0178571428571	0.0654761904762	0.0238095238095	0.047619047619	0.0238095238095	0.0357142857143	0	0.00595238095238	0.0357142857143	0.00595238095238	0.738095238095	
0.0297619047619	0.0535714285714	0.0119047619048	0.0654761904762	0.047619047619	0.0297619047619	0.00595238095238	0.00595238095238	0.0238095238095	0	0.72619047619	
0.0238095238095	0.0416666666667	0.0119047619048	0.0535714285714	0.0416666666667	0.0119047619048	0.0238095238095	0.0119047619048	0.0178571428571	0.0119047619048	0.75	
0.0238095238095	0.0238095238095	0.0357142857143	0.0178571428571	0.0297619047619	0.00595238095238	0.00595238095238	0	0.0178571428571	0.0119047619048	0.827380952381	
0.0535714285714	0.0714285714286	0.00595238095238	0.0833333333333	0.0119047619048	0.0238095238095	0.0119047619048	0.0119047619048	0.0119047619048	0	0.714285714286	
0.047619047619	0.0416666666667	0.0238095238095	0.0297619047619	0.0178571428571	0.0119047619048	0.0119047619048	0.0119047619048	0.0178571428571	0.00595238095238	0.779761904762	
0.0238095238095	0.0357142857143	0.0238095238095	0.0357142857143	0.0119047619048	0.0357142857143	0.0238095238095	0.00595238095238	0.0119047619048	0.0119047619048	0.779761904762	
0.0297619047619	0.0297619047619	0.0238095238095	0.0416666666667	0.0238095238095	0.00595238095238	0	0.00595238095238	0.0178571428571	0.00595238095238	0.815476190476	
0.0595238095238	0.0416666666667	0.0297619047619	0.0416666666667	0.0178571428571	0.0119047619048	0.00595238095238	0.0119047619048	0	0.00595238095238	0.77380952381	
0.0535714285714	0.0535714285714	0.0357142857143	0.047619047619	0.0119047619048	0.0238095238095	0.0357142857143	0.00595238095238	0.00595238095238	0.00595238095238	0.720238095238	
0.0357142857143	0.0297619047619	0.0416666666667	0.0654761904762	0.0238095238095	0.0119047619048	0.0238095238095	0.00595238095238	0.0119047619048	0.00595238095238	0.744047619048	
0.047619047619	0.0357142857143	0.0178571428571	0.0297619047619	0.0357142857143	0.0238095238095	0.0178571428571	0	0.0178571428571	0	0.77380952381	
0.0595238095238	0.0357142857143	0.0416666666667	0.047619047619	0.0119047619048	0.0297619047619	0.00595238095238	0	0.0297619047619	0.0119047619048	0.72619047619	
0.0833333333333	0.0654761904762	0.0357142857143	0.0178571428571	0.0238095238095	0.0178571428571	0.0178571428571	0.00595238095238	0.00595238095238	0.0238095238095	0.702380952381	
0.0535714285714	0.0654761904762	0.0119047619048	0.0357142857143	0.00595238095238	0.0178571428571	0.0238095238095	0.0119047619048	0.0238095238095	0.00595238095238	0.744047619048	
0.047619047619	0.0297619047619	0.0178571428571	0.0595238095238	0.0178571428571	0.0238095238095	0.00595238095238	0	0.0119047619048	0.0178571428571	0.767857142857	
0.0416666666667	0.047619047619	0.0238095238095	0.10119047619	0.0238095238095	0.0238095238095	0.0119047619048	0.0119047619048	0	0.00595238095238	0.708333333333	
0.0595238095238	0.0178571428571	0.0416666666667	0.0833333333333	0.0357142857143	0.0416666666667	0.0119047619048	0.00595238095238	0.0178571428571	0	0.684523809524	
0.0416666666667	0.0535714285714	0.0357142857143	0.047619047619	0.0119047619048	0.0178571428571	0.0357142857143	0.0119047619048	0.0178571428571	0.00595238095238	0.720238095238	
0.0297619047619	0.0416666666667	0.0119047619048	0.047619047619	0.0238095238095	0.0238095238095	0.00595238095238	0.00595238095238	0.0178571428571	0.00595238095238	0.785714285714	
0.0892857142857	0.0714285714286	0.0357142857143	0.0714285714286	0.0178571428571	0.0119047619048	0	0.0119047619048	0.0119047619048	0.00595238095238	0.672619047619	
0.0238095238095	0.0535714285714	0.0297619047619	0.0178571428571	0.00595238095238	0	0.00595238095238	0	0.0119047619048	0.00595238095238	0.845238095238	
0.0357142857143	0.047619047619	0.0297619047619	0.0297619047619	0.0178571428571	0.0178571428571	0.0119047619048	0.00595238095238	0.00595238095238	0.0119047619048	0.785714285714	
0.0654761904762	0.0297619047619	0.0178571428571	0.0535714285714	0.0178571428571	0.00595238095238	0.0119047619048	0	0.0119047619048	0	0.785714285714	
0.0595238095238	0.0654761904762	0.0119047619048	0.0357142857143	0.047619047619	0.0119047619048	0.00595238095238	0.00595238095238	0.00595238095238	0.00595238095238	0.744047619048	
0.00595238095238	0.0654761904762	0.0357142857143	0.0416666666667	0.0119047619048	0.00595238095238	0.0119047619048	0	0.0119047619048	0.00595238095238	0.803571428571	
0.0238095238095	0.047619047619	0.00595238095238	0.0297619047619	0.0238095238095	0.0238095238095	0.00595238095238	0.0119047619048	0.0119047619048	0	0.815476190476	
0.0238095238095	0.0654761904762	0.0357142857143	0.0357142857143	0.0535714285714	0.0416666666667	0.00595238095238	0	0.0178571428571	0	0.720238095238	
0.047619047619	0.047619047619	0.0357142857143	0.0416666666667	0.0357142857143	0.0119047619048	0.00595238095238	0.0119047619048	0.00595238095238	0.0119047619048	0.744047619048	
0.0654761904762	0.0654761904762	0.0119047619048	0.0416666666667	0.0297619047619	0.0297619047619	0.00595238095238	0.0178571428571	0.00595238095238	0.0119047619048	0.714285714286	
0.0238095238095	0.0595238095238	0.0178571428571	0.047619047619	0.0178571428571	0.0119047619048	0.00595238095238	0.0119047619048	0.0238095238095	0	0.779761904762	
0.047619047619	0.0416666666667	0.0178571428571	0.0357142857143	0.0178571428571	0.0357142857143	0.0119047619048	0	0.0238095238095	0.00595238095238	0.761904761905	
0.0297619047619	0.0297619047619	0.0238095238095	0.0297619047619	0.0238095238095	0.0238095238095	0.00595238095238	0.0119047619048	0.0178571428571	0.00595238095238	0.797619047619	
0.0416666666667	0.0357142857143	0.0119047619048	0.0714285714286	0.0416666666667	0.0178571428571	0.00595238095238	0.00595238095238	0.0297619047619	0.0119047619048	0.72619047619	
0.0416666666667	0.0833333333333	0.0238095238095	0.0892857142857	0.0238095238095	0.0119047619048	0.0238095238095	0	0.0178571428571	0.00595238095238	0.678571428571	
0.047619047619	0.047619047619	0.00595238095238	0.0416666666667	0.0238095238095	0.0119047619048	0.0178571428571	0	0.0119047619048	0	0.791666666667	
0.0297619047619	0	0.0178571428571	0	0.0297619047619	0.0238095238095	0.0178571428571	0	0.0119047619048	0	0.869047619048	
0.00595238095238	0	0.0297619047619	0.0119047619048	0.0238095238095	0.0535714285714	0.00595238095238	0	0.0119047619048	0.00595238095238	0.85119047619	
0	0	0.0178571428571	0.00595238095238	0.0119047619048	0.0297619047619	0.00595238095238	0	0.0357142857143	0	0.892857142857	
0.00595238095238	0.00595238095238	0	0	0.00595238095238	0.0416666666667	0.0178571428571	0	0.0297619047619	0.0178571428571	0.875	
0	0	0	0	0.0357142857143	0.0297619047619	0.0178571428571	0.00595238095238	0	0.0119047619048	0.89880952381	
0	0	0	0	0.0297619047619	0.00595238095238	0	0	0.0119047619048	0.0119047619048	0.940476190476	
0.0416666666667	0.0595238095238	0.0535714285714	0.0178571428571	0	0.0416666666667	0.0238095238095	0.00595238095238	0.0178571428571	0.00595238095238	0.732142857143	
0.0238095238095	0.047619047619	0	0.0654761904762	0.0238095238095	0.0178571428571	0.00595238095238	0.00595238095238	0.00595238095238	0.00595238095238	0.797619047619	
0.0535714285714	0.0654761904762	0.0119047619048	0.0357142857143	0.0178571428571	0.0178571428571	0.00595238095238	0.00595238095238	0.0178571428571	0.0119047619048	0.755952380952	
0.0654761904762	0.0595238095238	0.00595238095238	0.0535714285714	0.0178571428571	0.0119047619048	0.00595238095238	0.00595238095238	0.0119047619048	0.00595238095238	0.755952380952	
0.0297619047619	0.0535714285714	0.0119047619048	0.0535714285714	0.0357142857143	0.0178571428571	0.0119047619048	0.0119047619048	0.0178571428571	0.00595238095238	0.75	
0.0535714285714	0.0714285714286	0.0595238095238	0.0178571428571	0.00595238095238	0.0178571428571	0.0238095238095	0	0.0178571428571	0.00595238095238	0.72619047619	
0.0297619047619	0.0892857142857	0.0178571428571	0.0654761904762	0.0238095238095	0.0357142857143	0.0178571428571	0.00595238095238	0	0.00595238095238	0.708333333333	
0.0357142857143	0.0595238095238	0.0119047619048	0.0357142857143	0.0357142857143	0.0416666666667	0.0238095238095	0	0.0238095238095	0.0119047619048	0.720238095238	
0.0416666666667	0.0357142857143	0.0119047619048	0.0595238095238	0.0297619047619	0.0297619047619	0.0238095238095	0.0119047619048	0.00595238095238	0	0.75	
0.0416666666667	0.0416666666667	0.0238095238095	0.047619047619	0.0178571428571	0.0238095238095	0	0.00595238095238	0	0	0.797619047619	
0.0416666666667	0.0714285714286	0.0238095238095	0.0297619047619	0.0357142857143	0.0238095238095	0.00595238095238	0.00595238095238	0.0119047619048	0.00595238095238	0.744047619048	
0.0535714285714	0.047619047619	0.0595238095238	0.0297619047619	0.0119047619048	0.0178571428571	0.00595238095238	0	0.00595238095238	0.0119047619048	0.755952380952	
0.0535714285714	0.0535714285714	0.0357142857143	0.047619047619	0.0357142857143	0.0238095238095	0.0238095238095	0.00595238095238	0.00595238095238	0.00595238095238	0.708333333333	
0.047619047619	0.0416666666667	0.0119047619048	0.0654761904762	0.0357142857143	0.0119047619048	0.0238095238095	0.0119047619048	0	0.00595238095238	0.744047619048	
0.0297619047619	0.077380952381	0.0297619047619	0.0654761904762	0.0297619047619	0.0178571428571	0	0.00595238095238	0	0.00595238095238	0.738095238095	
0.0595238095238	0.047619047619	0.0119047619048	0.047619047619	0.0178571428571	0.0178571428571	0.0178571428571	0.00595238095238	0.0178571428571	0	0.755952380952	
0.0297619047619	0.0535714285714	0.0119047619048	0.0952380952381	0.0119047619048	0.0119047619048	0.0178571428571	0.00595238095238	0.00595238095238	0	0.755952380952	
0.0238095238095	0.0595238095238	0.0178571428571	0.0535714285714	0.0178571428571	0.0119047619048	0.0119047619048	0.0119047619048	0.00595238095238	0.00595238095238	0.779761904762	
0.0238095238095	0.0654761904762	0.0297619047619	0.047619047619	0.0238095238095	0.0238095238095	0.00595238095238	0.00595238095238	0.00595238095238	0.0178571428571	0.75	
0.0238095238095	0.0297619047619	0.0119047619048	0.0714285714286	0.0119047619048	0.0178571428571	0.0238095238095	0.0119047619048	0.0238095238095	0	0.77380952381	
0.0238095238095	0.0595238095238	0.047619047619	0.0297619047619	0.00595238095238	0.0297619047619	0.0238095238095	0.00595238095238	0.00595238095238	0	0.767857142857	
0.0595238095238	0.0595238095238	0.0119047619048	0.0654761904762	0.0119047619048	0.0297619047619	0.0178571428571	0.00595238095238	0.0297619047619	0	0.708333333333	
0.0357142857143	0.0416666666667	0.047619047619	0.0714285714286	0.0119047619048	0.0238095238095	0.0119047619048	0.00595238095238	0.0178571428571	0	0.732142857143	
0.0297619047619	0.0535714285714	0.0238095238095	0.0833333333333	0.0178571428571	0.0238095238095	0.0238095238095	0	0.00595238095238	0	0.738095238095	
0.0416666666667	0.0535714285714	0.0238095238095	0.0238095238095	0.0238095238095	0.0535714285714	0	0	0.0119047619048	0	0.767857142857	
0.0238095238095	0.0535714285714	0.0178571428571	0.0654761904762	0.047619047619	0.0119047619048	0.0178571428571	0.00595238095238	0.0178571428571	0.00595238095238	0.732142857143	
0.0238095238095	0.047619047619	0.0178571428571	0.0714285714286	0.00595238095238	0.0178571428571	0.0178571428571	0	0.0119047619048	0	0.785714285714	
0.0238095238095	0.0535714285714	0.0178571428571	0.0595238095238	0.0297619047619	0.0178571428571	0.0119047619048	0	0.0119047619048	0.0119047619048	0.761904761905	
0.077380952381	0.0535714285714	0.0238095238095	0.0297619047619	0.0178571428571	0.0357142857143	0.0119047619048	0.00595238095238	0	0.0119047619048	0.732142857143	
0.0416666666667	0.0416666666667	0.0178571428571	0.0297619047619	0.0178571428571	0.0238095238095	0.0119047619048	0.00595238095238	0	0	0.809523809524	
0.0595238095238	0.0297619047619	0.0238095238095	0.0297619047619	0.0119047619048	0.0297619047619	0.0297619047619	0.00595238095238	0.0119047619048	0	0.767857142857	
0.0357142857143	0.047619047619	0.0297619047619	0.0238095238095	0.0178571428571	0.0119047619048	0.00595238095238	0.00595238095238	0.00595238095238	0	0.815476190476	
0.0357142857143	0.077380952381	0.0238095238095	0.047619047619	0.0178571428571	0.0297619047619	0.0178571428571	0.0119047619048	0.00595238095238	0.00595238095238	0.72619047619	
0.047619047619	0.0416666666667	0.00595238095238	0.047619047619	0.0119047619048	0.0297619047619	0.0178571428571	0	0.0238095238095	0.00595238095238	0.767857142857	
0.0416666666667	0.047619047619	0.047619047619	0.0297619047619	0.0357142857143	0.0357142857143	0.00595238095238	0.0119047619048	0	0.0119047619048	0.732142857143	
0.047619047619	0.0654761904762	0.0357142857143	0.0238095238095	0.0178571428571	0.00595238095238	0.0119047619048	0.00595238095238	0.0119047619048	0.0119047619048	0.761904761905	
0.0416666666667	0.0833333333333	0.0119047619048	0.047619047619	0.0238095238095	0.0238095238095	0.0119047619048	0.0119047619048	0.0357142857143	0.0119047619048	0.696428571429	
0.0357142857143	0.0416666666667	0.0119047619048	0.0714285714286	0.0178571428571	0.0357142857143	0.0178571428571	0.00595238095238	0	0.0119047619048	0.75	
0.0595238095238	0.0535714285714	0.0119047619048	0.0535714285714	0.0178571428571	0.0238095238095	0.0178571428571	0.0178571428571	0.0178571428571	0.0119047619048	0.714285714286	
0.0535714285714	0.0535714285714	0.0297619047619	0.0654761904762	0.0297619047619	0.0297619047619	0.0119047619048	0	0.00595238095238	0.0119047619048	0.708333333333	
0.0297619047619	0.0416666666667	0.0119047619048	0.0357142857143	0.0119047619048	0.0119047619048	0.00595238095238	0.00595238095238	0.0178571428571	0.00595238095238	0.821428571429	
0.0297619047619	0.0595238095238	0.0238095238095	0.077380952381	0.0416666666667	0	0.0178571428571	0	0.00595238095238	0.00595238095238	0.738095238095	
0	0.047619047619	0.0178571428571	0.0297619047619	0.0119047619048	0.0238095238095	0.0119047619048	0.0119047619048	0.0119047619048	0.00595238095238	0.827380952381	
0.0357142857143	0.0178571428571	0.0357142857143	0.047619047619	0.0119047619048	0.0297619047619	0.0297619047619	0	0.00595238095238	0.0119047619048	0.77380952381	
0.0238095238095	0.047619047619	0.0119047619048	0.0952380952381	0.0238095238095	0.0119047619048	0.0238095238095	0	0.0119047619048	0.00595238095238	0.744047619048	
0.0238095238095	0.0595238095238	0.0178571428571	0.0416666666667	0.0357142857143	0.0178571428571	0.0119047619048	0.0119047619048	0.0357142857143	0.00595238095238	0.738095238095	
0.077380952381	0.0238095238095	0.0238095238095	0.047619047619	0.0416666666667	0.0238095238095	0.00595238095238	0	0.0119047619048	0.00595238095238	0.738095238095	
0.0535714285714	0.047619047619	0.0357142857143	0.0714285714286	0.00595238095238	0.0178571428571	0.0178571428571	0.00595238095238	0.0119047619048	0.0119047619048	0.720238095238	
0.0714285714286	0.047619047619	0.0297619047619	0.0357142857143	0.0357142857143	0.0238095238095	0.00595238095238	0.00595238095238	0.0119047619048	0	0.732142857143	
0.0357142857143	0.0357142857143	0.0178571428571	0.0238095238095	0.0238095238095	0.0357142857143	0.0238095238095	0.0178571428571	0.0178571428571	0.00595238095238	0.761904761905	
0.0595238095238	0.047619047619	0.0178571428571	0.047619047619	0.0178571428571	0.0178571428571	0.0119047619048	0.0119047619048	0.0238095238095	0.0119047619048	0.732142857143	
0.0595238095238	0.0714285714286	0.0178571428571	0.0416666666667	0.0297619047619	0.0297619047619	0	0.0297619047619	0.0297619047619	0.0119047619048	0.678571428571	
0.0238095238095	0.0178571428571	0.0119047619048	0.0595238095238	0.0238095238095	0.0297619047619	0.0238095238095	0	0.00595238095238	0.0178571428571	0.785714285714	
0.00595238095238	0.0595238095238	0.0178571428571	0.0357142857143	0.0238095238095	0.0238095238095	0.0178571428571	0.00595238095238	0.00595238095238	0.0178571428571	0.785714285714	
0.0119047619048	0.0297619047619	0.0238095238095	0.047619047619	0.0297619047619	0.0238095238095	0.0178571428571	0	0.0119047619048	0.00595238095238	0.797619047619	
0.0238095238095	0.0714285714286	0.047619047619	0.0416666666667	0.0178571428571	0.0357142857143	0	0	0.00595238095238	0.0178571428571	0.738095238095	
0.0416666666667	0.0357142857143	0.0178571428571	0.0297619047619	0.0178571428571	0.0178571428571	0.00595238095238	0.0178571428571	0.0238095238095	0.0119047619048	0.779761904762	
0.0357142857143	0.047619047619	0.0357142857143	0.0595238095238	0.0178571428571	0.00595238095238	0.0119047619048	0	0.0119047619048	0.00595238095238	0.767857142857	
0.0297619047619	0.0714285714286	0.0297619047619	0.0297619047619	0.0119047619048	0.0297619047619	0.0238095238095	0	0.0178571428571	0.0178571428571	0.738095238095	
0.0595238095238	0.0416666666667	0.0119047619048	0.0595238095238	0.0238095238095	0.0119047619048	0.0297619047619	0.0119047619048	0	0.00595238095238	0.744047619048	
0.0654761904762	0.047619047619	0.0238095238095	0.047619047619	0.0238095238095	0.0535714285714	0.00595238095238	0.0119047619048	0.0178571428571	0.0178571428571	0.684523809524	
0.0654761904762	0.047619047619	0.0178571428571	0.047619047619	0.0178571428571	0.0297619047619	0.0178571428571	0	0.0297619047619	0	0.72619047619	
0.0416666666667	0.0297619047619	0.0416666666667	0.0416666666667	0.00595238095238	0.0178571428571	0.00595238095238	0	0	0.0119047619048	0.803571428571	
0.0357142857143	0.0357142857143	0.0297619047619	0.0595238095238	0.0357142857143	0.0297619047619	0.00595238095238	0	0.0238095238095	0.0178571428571	0.72619047619	
0.0535714285714	0.0297619047619	0.0357142857143	0.0357142857143	0.0178571428571	0.0297619047619	0.0297619047619	0.00595238095238	0.0238095238095	0.0119047619048	0.72619047619	
0.0535714285714	0.0357142857143	0.0297619047619	0.0595238095238	0.0119047619048	0.0238095238095	0.00595238095238	0.0119047619048	0.0178571428571	0	0.75	
0.047619047619	0.0416666666667	0.00595238095238	0.0416666666667	0.0178571428571	0.0238095238095	0.0178571428571	0	0.0119047619048	0.0119047619048	0.779761904762	
0.0416666666667	0.0297619047619	0.0178571428571	0.0654761904762	0.0178571428571	0.0357142857143	0.0178571428571	0.00595238095238	0.0119047619048	0	0.755952380952	
0.0238095238095	0.0416666666667	0.0238095238095	0.0238095238095	0.0416666666667	0.0297619047619	0.0119047619048	0.0119047619048	0.0119047619048	0.0119047619048	0.767857142857	
0.047619047619	0.0595238095238	0.0178571428571	0.0595238095238	0.0297619047619	0.0416666666667	0.0178571428571	0.0119047619048	0.0119047619048	0.0178571428571	0.684523809524	
0.0238095238095	0.0535714285714	0.0178571428571	0.0654761904762	0	0.0238095238095	0.0119047619048	0.0119047619048	0.0238095238095	0.0119047619048	0.755952380952	
0.0416666666667	0.0535714285714	0.0119047619048	0.047619047619	0.0416666666667	0.0357142857143	0.0119047619048	0.00595238095238	0.0238095238095	0.00595238095238	0.720238095238	
0.0535714285714	0.047619047619	0.0297619047619	0.0654761904762	0.0238095238095	0.00595238095238	0.00595238095238	0	0.0178571428571	0	0.75	
0.0297619047619	0.0357142857143	0.0119047619048	0.047619047619	0.0119047619048	0.0357142857143	0	0	0.0119047619048	0.00595238095238	0.809523809524	
0.0238095238095	0.047619047619	0.047619047619	0.0357142857143	0.0297619047619	0.0238095238095	0.0297619047619	0	0.0119047619048	0.0119047619048	0.738095238095	
0.0238095238095	0.0178571428571	0.047619047619	0.0357142857143	0.0238095238095	0.0297619047619	0.0119047619048	0.00595238095238	0.0178571428571	0.0297619047619	0.755952380952	
0.0238095238095	0.0595238095238	0.0238095238095	0.047619047619	0.0297619047619	0.0119047619048	0.00595238095238	0.0119047619048	0	0.00595238095238	0.779761904762	
0.0357142857143	0.0595238095238	0.0119047619048	0.0357142857143	0.0238095238095	0.0238095238095	0.0178571428571	0.00595238095238	0.0357142857143	0.00595238095238	0.744047619048	
0.0535714285714	0.0595238095238	0.0297619047619	0.047619047619	0.0416666666667	0.0297619047619	0.0178571428571	0	0.0119047619048	0	0.708333333333	
0.0357142857143	0.0595238095238	0.0119047619048	0.0714285714286	0	0.0119047619048	0	0	0.0238095238095	0	0.785714285714	
0.0238095238095	0.0178571428571	0.0119047619048	0.0654761904762	0.047619047619	0.0119047619048	0.00595238095238	0.00595238095238	0.0119047619048	0	0.797619047619	
0.0357142857143	0.0714285714286	0.00595238095238	0.0416666666667	0.0297619047619	0.0178571428571	0.0238095238095	0	0.0178571428571	0.00595238095238	0.75	
0.0654761904762	0.0416666666667	0.0535714285714	0.0535714285714	0.00595238095238	0.0238095238095	0.0119047619048	0.00595238095238	0.0119047619048	0.0119047619048	0.714285714286	
0.0238095238095	0.0595238095238	0.0178571428571	0.0535714285714	0.00595238095238	0.0119047619048	0.0119047619048	0.00595238095238	0.00595238095238	0.00595238095238	0.797619047619	
0.0535714285714	0.0892857142857	0.047619047619	0.047619047619	0.0178571428571	0.0119047619048	0.0178571428571	0.0119047619048	0.0119047619048	0.0119047619048	0.678571428571	
0.047619047619	0.0714285714286	0.0535714285714	0.0297619047619	0.0119047619048	0.0178571428571	0.00595238095238	0.0119047619048	0.0119047619048	0.00595238095238	0.732142857143	
0.0654761904762	0.0297619047619	0.0178571428571	0.0416666666667	0.0178571428571	0.0357142857143	0.0178571428571	0.0119047619048	0.0297619047619	0.0297619047619	0.702380952381	
0.047619047619	0.0238095238095	0.0119047619048	0.0238095238095	0.0416666666667	0.0119047619048	0.0297619047619	0.00595238095238	0.0178571428571	0.00595238095238	0.779761904762	
0.0357142857143	0.047619047619	0.0416666666667	0.0595238095238	0.0238095238095	0.0119047619048	0.0119047619048	0	0.0297619047619	0.00595238095238	0.732142857143	
0.0595238095238	0.077380952381	0.00595238095238	0.0535714285714	0.0297619047619	0.0297619047619	0.0238095238095	0.00595238095238	0.0119047619048	0.00595238095238	0.696428571429	
0.0297619047619	0.0535714285714	0.0119047619048	0.0595238095238	0.0119047619048	0	0.0119047619048	0	0.0297619047619	0.0119047619048	0.779761904762	
0.0297619047619	0.0357142857143	0.0416666666667	0.0357142857143	0.0178571428571	0.0297619047619	0.00595238095238	0.00595238095238	0.00595238095238	0	0.791666666667	
0.0357142857143	0.0297619047619	0.0178571428571	0.0416666666667	0.0119047619048	0.0178571428571	0.00595238095238	0.00595238095238	0.0119047619048	0.0178571428571	0.803571428571	
0.0119047619048	0.047619047619	0.0416666666667	0.0654761904762	0.0119047619048	0	0	0.0119047619048	0.0119047619048	0.0119047619048	0.785714285714	
0.0297619047619	0.0357142857143	0.0119047619048	0.0595238095238	0.0178571428571	0.0178571428571	0.00595238095238	0.0238095238095	0.00595238095238	0.0238095238095	0.767857142857	
0.0416666666667	0.0833333333333	0.0178571428571	0.0297619047619	0.0178571428571	0.0297619047619	0	0	0.0238095238095	0	0.755952380952	
0.0535714285714	0.0297619047619	0.0238095238095	0.077380952381	0.0357142857143	0.0297619047619	0.00595238095238	0	0.0178571428571	0.00595238095238	0.720238095238	
0.0833333333333	0.0238095238095	0.0238095238095	0.0357142857143	0.0178571428571	0.00595238095238	0.0119047619048	0.00595238095238	0.0178571428571	0.0119047619048	0.761904761905	
0.0178571428571	0.047619047619	0.0357142857143	0.0297619047619	0.0238095238095	0.0238095238095	0.00595238095238	0.00595238095238	0.0119047619048	0	0.797619047619	
0.0416666666667	0.047619047619	0.0357142857143	0.0416666666667	0.00595238095238	0.0416666666667	0.00595238095238	0.0119047619048	0.0238095238095	0	0.744047619048	
0.0297619047619	0.0238095238095	0.0238095238095	0.0416666666667	0	0.0119047619048	0.00595238095238	0.0178571428571	0.0178571428571	0.0119047619048	0.815476190476	
0.0178571428571	0.0357142857143	0.0238095238095	0.047619047619	0.0297619047619	0.0178571428571	0.0119047619048	0.00595238095238	0.00595238095238	0.0178571428571	0.785714285714	
0.047619047619	0.0178571428571	0.0238095238095	0.0535714285714	0.0119047619048	0.0238095238095	0.0119047619048	0.00595238095238	0.0119047619048	0.00595238095238	0.785714285714	
0.0238095238095	0.0416666666667	0	0.0357142857143	0.0416666666667	0.0178571428571	0.0297619047619	0.00595238095238	0.00595238095238	0.0178571428571	0.779761904762	
0.0238095238095	0.0714285714286	0.0357142857143	0.0238095238095	0.0714285714286	0.00595238095238	0.0119047619048	0.00595238095238	0.0238095238095	0	0.72619047619	
0.0535714285714	0.0238095238095	0.0416666666667	0.0238095238095	0.0297619047619	0.0297619047619	0.0178571428571	0	0.0119047619048	0.00595238095238	0.761904761905	
0.0357142857143	0.047619047619	0.0357142857143	0.0654761904762	0.0238095238095	0.0297619047619	0.0119047619048	0.00595238095238	0.00595238095238	0.00595238095238	0.732142857143	
0.047619047619	0.0714285714286	0.0238095238095	0.0595238095238	0.0357142857143	0.0297619047619	0	0.0297619047619	0.00595238095238	0	0.696428571429	
0.0833333333333	0.077380952381	0.0178571428571	0.0416666666667	0.0416666666667	0.0357142857143	0.0119047619048	0.0178571428571	0.0119047619048	0.0178571428571	0.642857142857	
0.0357142857143	0.0297619047619	0.0238095238095	0.0535714285714	0.0595238095238	0.00595238095238	0.0119047619048	0	0	0.0178571428571	0.761904761905	
0.0535714285714	0.0416666666667	0.0119047619048	0.077380952381	0.0178571428571	0.0238095238095	0	0.00595238095238	0.00595238095238	0.0238095238095	0.738095238095	
0.0416666666667	0.0297619047619	0.0238095238095	0.047619047619	0.0238095238095	0.0178571428571	0.0178571428571	0	0.0178571428571	0.00595238095238	0.77380952381	
0.0297619047619	0.0297619047619	0.0178571428571	0.0595238095238	0.0238095238095	0.0119047619048	0.00595238095238	0.0119047619048	0.0119047619048	0.0119047619048	0.785714285714	
0.0357142857143	0.047619047619	0.0178571428571	0.047619047619	0.0357142857143	0.0595238095238	0	0	0.0178571428571	0	0.738095238095	
0.077380952381	0.0416666666667	0.0178571428571	0.0654761904762	0.0178571428571	0.0119047619048	0	0.00595238095238	0.0238095238095	0.00595238095238	0.732142857143	
0.0238095238095	0.0297619047619	0.0119047619048	0.0416666666667	0.0178571428571	0.0119047619048	0.00595238095238	0.00595238095238	0.00595238095238	0.0178571428571	0.827380952381	
